-0.185059 0.011658
-0.107056 0.085815
-0.080627 0.117554
0.021301 0.304138
0.304871 0.819824
0.212769 0.491638
0.355591 0.652283
0.235413 0.363953
0.075928 0.086121
0.124634 0.138367
0.135254 0.134521
0.188965 0.180054
-0.009460 -0.050293
-0.075684 -0.112244
-0.025513 -0.052856
-0.092712 -0.110596
-0.276611 -0.266785
-0.248047 -0.218201
-0.318176 -0.259827
-0.104370 -0.057007
-0.021606 0.016724
-0.033081 0.005920
0.030212 0.057129
-0.104797 -0.057068
-0.148254 -0.087463
-0.097107 -0.039490
-0.173462 -0.097351
-0.302246 -0.192017
-0.506042 -0.338257
-0.518616 -0.321472
-0.425354 -0.222778
-0.360962 -0.154785
-0.394897 -0.169312
-0.496704 -0.235962
-0.715088 -0.388855
-0.712219 -0.356201
-0.677673 -0.301331
-0.653015 -0.258484
-0.627380 -0.218262
-0.467896 -0.076477
-0.533325 -0.121704
-0.621216 -0.180969
-0.639099 -0.180786
-0.639709 -0.167175
-0.703796 -0.204163
-0.672424 -0.163818
-0.612610 -0.104431
-0.615540 -0.098633
-0.605164 -0.082886
-0.589966 -0.064575
-0.797913 -0.221741
-0.754944 -0.170959
-0.864624 -0.243164
-0.990967 -0.322754
-1.019531 -0.319885
-0.877258 -0.184021
-0.902405 -0.189331
-1.063232 -0.300354
-0.969299 -0.203430
-1.091492 -0.283081
-0.983337 -0.176392
-0.867554 -0.072083
-0.672302 0.086304
-0.423035 0.274536
-0.589478 0.122925
-0.576904 0.123169
-0.642212 0.062500
-0.654541 0.048035
-0.715820 -0.003540
-0.842041 -0.101746
-0.914246 -0.150146
-1.025269 -0.225098
-0.947937 -0.147278
-0.934448 -0.125305
-0.918518 -0.103088
-1.010742 -0.166992
-1.102295 -0.225403
-1.231201 -0.308411
-1.169556 -0.236267
-1.200256 -0.241821
-0.972717 -0.045227
-1.152954 -0.182678
-1.085754 -0.115845
-0.874878 0.058105
-0.790405 0.119629
-0.778503 0.119629
-0.912476 0.005493
-1.052246 -0.104187
-0.928467 0.000732
-0.763611 0.129639
-0.845093 0.055786
-0.950562 -0.031067
-1.190979 -0.216431
-1.221741 -0.223572
-1.137878 -0.140747
-0.930969 0.031555
-0.885742 0.064392
-0.880005 0.063843
-0.938354 0.013428
-1.025818 -0.055786
-0.886536 0.057129
-0.891846 0.048584
-1.086853 -0.107300
-1.128418 -0.131348
-1.156799 -0.143250
-1.125977 -0.107971
-0.969910 0.022522
-0.887817 0.085022
-0.831787 0.122192
-0.674500 0.235718
-0.773254 0.140076
-0.509583 0.335388
-0.545776 0.280884
-0.510193 0.286743
-0.516907 0.259094
-0.503296 0.249512
-0.483459 0.245544
-0.466248 0.239868
-0.498657 0.195984
-0.623413 0.083435
-0.371765 0.273193
-0.510254 0.143921
-0.473022 0.161743
-0.711914 -0.037109
-0.764160 -0.075012
-0.723999 -0.037903
-0.672668 0.005066
-0.878540 -0.155884
-0.785156 -0.070801
-0.801270 -0.077881
-0.646790 0.049011
-0.696533 0.006287
-0.817505 -0.088867
-0.850891 -0.108032
-0.893982 -0.133301
-0.878357 -0.110657
-0.886597 -0.108459
-0.914001 -0.121460
-0.679138 0.071716
-0.729797 0.026489
-0.650330 0.086548
-0.493958 0.201782
-0.462219 0.210815
-0.388000 0.252319
-0.234070 0.352722
-0.024292 0.488831
-0.107483 0.385864
-0.086304 0.372314
-0.216614 0.241699
-0.147583 0.276733
-0.027649 0.348694
-0.056458 0.299072
-0.012817 0.309814
-0.076050 0.236145
0.069031 0.331238
0.289917 0.478149
0.227905 0.392273
0.257629 0.384888
0.434753 0.493347
0.656189 0.627991
0.557251 0.501526
0.620056 0.511414
0.683105 0.520752
0.657532 0.460083
0.441467 0.255432
0.603516 0.361877
0.823181 0.505005
0.845703 0.483215
0.780273 0.394531
0.757629 0.346130
0.982727 0.494751
1.032776 0.495239
1.050171 0.470215
1.018738 0.409058
0.846924 0.243164
0.744995 0.144714
0.694824 0.094238
0.751160 0.130981
0.888489 0.228210
0.949402 0.258057
0.752319 0.083740
0.791382 0.107727
0.868713 0.159790
0.937317 0.200989
0.871521 0.133789
1.180969 0.365417
0.989075 0.186768
0.918457 0.116943
1.071411 0.227295
1.399536 0.465454
1.415833 0.441895
1.455994 0.438843
1.547607 0.476074
1.478821 0.385376
1.408264 0.300354
1.478760 0.331970
1.471191 0.300232
1.497864 0.297668
1.583435 0.341187
1.491516 0.242920
1.421326 0.169189
1.312500 0.070801
1.264038 0.027405
1.174072 -0.045105
1.071777 -0.121643
1.124878 -0.070618
1.222900 0.011536
0.945496 -0.206360
0.911377 -0.216919
0.873291 -0.229736
0.927185 -0.169617
1.110168 -0.013245
1.265320 0.108948
1.325256 0.147217
1.161682 0.008179
1.177612 0.019958
1.339600 0.144775
1.089355 -0.061646
1.353088 0.148804
1.535217 0.279297
1.692017 0.379822
1.669312 0.332520
1.400696 0.097168
1.413757 0.099731
1.522644 0.177002
1.552246 0.186340
1.415955 0.065186
1.362122 0.018005
1.247498 -0.073059
1.136230 -0.154419
1.217651 -0.078674
1.130798 -0.140503
1.078308 -0.170532
1.019409 -0.203308
0.962463 -0.231934
1.070679 -0.129211
1.244446 0.016602
1.188171 -0.028564
1.073120 -0.116089
1.245178 0.027161
1.558472 0.269409
1.550659 0.242371
1.509583 0.191467
1.555054 0.212036
1.677612 0.291077
1.609436 0.215271
1.479736 0.097412
1.585632 0.172424
1.730896 0.272400
1.723877 0.245605
1.634583 0.156555
1.755981 0.239258
1.752441 0.217834
1.600769 0.082214
1.554626 0.039734
1.385498 -0.095642
1.477112 -0.016541
1.443420 -0.041626
1.384521 -0.084473
1.400879 -0.065125
1.425293 -0.041016
1.474731 0.000732
1.460449 -0.010437
1.352722 -0.093628
1.314392 -0.116211
1.261414 -0.148499
1.164062 -0.212830
1.123352 -0.228027
1.071594 -0.250610
1.072327 -0.230530
1.021057 -0.252563
1.010803 -0.240906
1.256775 -0.030029
1.251099 -0.032104
1.097107 -0.150085
1.130920 -0.111938
1.113586 -0.116760
1.167175 -0.065735
1.192017 -0.041199
1.298340 0.045166
1.303650 0.045837
1.275635 0.020386
1.393921 0.111328
1.438232 0.137329
1.390625 0.089478
1.312134 0.021301
1.214417 -0.056519
1.164917 -0.090759
1.097534 -0.136292
1.039917 -0.170593
0.924744 -0.247131
0.814392 -0.313965
0.807556 -0.294800
0.880798 -0.214722
0.947876 -0.145752
0.987671 -0.103394
0.811890 -0.232605
1.092285 0.004944
1.281128 0.152283
1.344055 0.189636
1.518555 0.311340
1.380798 0.179260
1.592834 0.331177
1.474121 0.212463
1.481140 0.201355
1.275330 0.024658
1.276123 0.023376
1.322937 0.058228
1.383728 0.101196
1.517151 0.197388
1.567627 0.221375
1.515198 0.163269
1.534546 0.165649
1.738342 0.311707
1.706421 0.262573
1.840332 0.346558
1.910828 0.374512
1.668396 0.156250
1.738220 0.198547
1.908081 0.315552
1.807556 0.212463
1.757263 0.156494
1.755798 0.143127
1.615540 0.022278
1.470154 -0.093140
1.209106 -0.290100
1.227783 -0.252808
1.270508 -0.199585
1.390381 -0.090271
1.533447 0.028687
1.460999 -0.030151
1.414307 -0.064331
1.621582 0.102539
1.544189 0.034241
1.514587 0.008484
1.379211 -0.097717
1.248962 -0.191711
1.387817 -0.068481
1.228455 -0.187439
1.017456 -0.337402
0.965332 -0.351746
0.800110 -0.453186
0.800415 -0.417603
0.731750 -0.438599
0.835205 -0.323547
0.808105 -0.319519
0.934631 -0.195557
1.043823 -0.094849
1.083374 -0.056519
1.025635 -0.097290
1.051453 -0.069519
0.888550 -0.191528
0.887939 -0.177063
0.765503 -0.258972
0.791504 -0.218384
0.931152 -0.092102
0.835999 -0.159241
0.504211 -0.405640
0.429260 -0.432434
0.431946 -0.396606
0.423401 -0.372375
0.350952 -0.399902
0.355164 -0.365417
0.220459 -0.442017
0.157898 -0.456360
0.257935 -0.342773
0.175842 -0.380066
0.288452 -0.262634
0.217285 -0.297729
0.489197 -0.061768
0.491089 -0.055481
0.488708 -0.053040
0.523438 -0.021790
0.478577 -0.055237
0.524475 -0.015015
0.581848 0.031006
0.631714 0.067627
0.618652 0.052185
0.482300 -0.058533
0.404236 -0.115051
0.569702 0.023132
0.533020 -0.007202
0.407166 -0.104858
0.458069 -0.057007
0.452454 -0.056946
0.450012 -0.054443
0.366028 -0.115662
0.410767 -0.071777
0.688354 0.150269
0.744385 0.182251
0.478455 -0.039368
0.663269 0.107788
0.798645 0.205139
0.772400 0.168579
0.889832 0.247253
0.817261 0.171143
0.818909 0.159058
1.026367 0.308960
0.965027 0.236816
0.761169 0.058838
0.796143 0.081604
0.853149 0.119873
1.026428 0.246033
1.020691 0.222290
0.981323 0.174194
1.141235 0.285339
1.159058 0.277039
1.133240 0.235352
1.338501 0.377075
1.399353 0.395142
1.426453 0.385437
1.445862 0.370544
1.411987 0.315247
1.426941 0.302368
1.543823 0.369934
1.595093 0.381104
1.733826 0.459656
1.695496 0.393738
1.729431 0.389526
1.720947 0.352478
1.851013 0.426697
1.877136 0.413818
1.819885 0.336731
1.781067 0.280090
1.669189 0.170715
1.713989 0.192444
1.672913 0.145264
1.577515 0.059326
1.717896 0.164307
1.559265 0.027771
1.510864 -0.012146
1.629761 0.081482
1.698303 0.128601
1.693848 0.115173
1.731995 0.135986
1.776611 0.160217
1.637146 0.039001
1.609619 0.014587
1.787170 0.151978
1.675232 0.052856
1.631042 0.014221
1.664673 0.039429
1.721863 0.081116
1.740479 0.089355
1.884338 0.194885
1.983215 0.257019
2.143188 0.362122
2.116516 0.312927
2.217651 0.367615
2.300781 0.403931
2.472656 0.506836
2.488220 0.479431
2.673401 0.586609
2.843689 0.673706
2.707947 0.515320
2.683960 0.456421
2.656738 0.399658
2.964966 0.608887
2.884827 0.498962
3.061462 0.597839
2.886292 0.414612
2.828003 0.336853
2.825928 0.309021
2.853821 0.306702
2.918030 0.332886
2.977661 0.353516
2.996521 0.340637
3.164429 0.445374
3.311584 0.525635
3.360779 0.523071
3.366150 0.486389
3.288574 0.387695
3.200073 0.288147
3.156982 0.231995
3.211365 0.256409
3.101318 0.150330
3.037048 0.088440
3.168518 0.184143
3.341492 0.304749
3.334045 0.275208
3.424438 0.324280
3.382690 0.266418
3.256958 0.147583
3.364319 0.219849
3.423035 0.248535
3.422913 0.229065
3.403503 0.196106
3.544739 0.291016
3.445435 0.190796
3.386414 0.129761
3.274109 0.031799
3.334656 0.076721
3.236938 -0.005676
3.213684 -0.023438
3.251709 0.008118
3.323547 0.063721
3.267639 0.015015
3.382141 0.103394
3.553284 0.229187
3.631470 0.272461
3.814148 0.393860
3.976990 0.490112
4.045959 0.505737
4.053284 0.472046
4.087463 0.461914
4.225342 0.533447
4.258118 0.517456
4.206604 0.436951
4.467468 0.606384
4.477051 0.566589
4.493835 0.535522
4.622925 0.594482
4.709595 0.615784
4.702698 0.562317
4.860352 0.641663
5.078674 0.762268
5.023071 0.659180
5.237854 0.775696
5.098328 0.605896
5.326416 0.737000
5.250549 0.620056
5.310669 0.618591
5.190979 0.476624
5.284973 0.512878
5.408264 0.569153
5.519043 0.611206
5.535217 0.576172
5.529419 0.526794
5.718262 0.632996
5.748779 0.607483
5.943481 0.711975
5.908264 0.628967
5.933105 0.599304
6.066223 0.656433
5.879272 0.459473
5.772583 0.340454
5.927917 0.435242
5.821350 0.317871
5.716919 0.211365
5.961121 0.385864
5.866943 0.282043
5.948425 0.323730
5.989441 0.330505
5.750061 0.117432
5.869751 0.201904
6.024780 0.307434
6.130432 0.366089
6.290466 0.462646
6.306519 0.439087
6.434387 0.504578
6.421204 0.455017
6.376587 0.384766
6.427734 0.394653
6.488098 0.410950
6.800598 0.622620
6.756287 0.539551
6.897766 0.607849
6.977173 0.622437
7.057800 0.636780
7.343750 0.810120
7.379211 0.774597
7.547424 0.845642
7.634888 0.847900
7.734558 0.859619
8.061401 1.048096
7.923279 0.858093
8.105774 0.933777
8.228821 0.957031
8.197083 0.857361
8.424316 0.968079
8.262939 0.766174
8.269348 0.711304
8.202881 0.603882
8.312927 0.642639
8.207214 0.510132
8.340088 0.574036
8.344177 0.532471
8.298523 0.455383
8.407898 0.505249
8.400818 0.460388
8.349487 0.384460
8.619446 0.565063
8.444763 0.384766
8.183167 0.150757
8.181763 0.137939
8.163879 0.113220
8.390442 0.281616
8.513245 0.355652
8.589722 0.387695
8.517212 0.300659
8.445862 0.221375
8.396057 0.165161
8.425049 0.174927
8.509766 0.227539
8.494263 0.197693
8.522949 0.204712
8.552246 0.211609
8.596375 0.229553
8.520874 0.152771
8.477661 0.107178
8.541870 0.148926
8.414001 0.037598
8.312683 -0.044312
8.215027 -0.117065
8.264404 -0.069458
8.057983 -0.225037
8.105774 -0.170227
8.067627 -0.186768
8.162109 -0.098450
8.036621 -0.188904
7.973267 -0.223694
8.029358 -0.162354
8.126404 -0.073792
7.994385 -0.171326
7.995361 -0.157227
8.048584 -0.103333
8.086365 -0.065735
8.056763 -0.083801
8.172302 0.013123
8.006348 -0.117737
8.061646 -0.065430
8.186462 0.037048
8.268799 0.098389
8.405640 0.197449
8.499207 0.255005
8.435242 0.185242
8.565430 0.272339
8.401062 0.122925
8.494873 0.186523
8.713745 0.342712
8.796875 0.380859
8.772278 0.332031
8.736023 0.277832
8.603516 0.152466
8.694092 0.211426
8.600403 0.121643
8.608521 0.118469
8.546570 0.060730
8.622620 0.115479
8.805664 0.249634
8.981995 0.368103
9.033813 0.379883
9.267456 0.532959
9.289551 0.508606
9.192566 0.393188
9.192932 0.362854
9.384705 0.484131
9.367554 0.432983
9.294922 0.342590
9.163879 0.213684
9.215515 0.237305
9.283569 0.271912
9.273010 0.242493
9.163696 0.138367
9.174377 0.135986
9.455444 0.344604
9.663269 0.479980
9.635620 0.420837
9.778015 0.499329
9.667847 0.374146
9.831360 0.472839
9.842651 0.444702
9.924927 0.474304
9.728027 0.283203
9.798950 0.316589
9.748779 0.252625
9.855774 0.316589
9.939758 0.357544
9.928589 0.320923
9.841370 0.227905
9.910583 0.264099
9.890381 0.227783
9.817444 0.153198
9.800232 0.127869
9.656128 0.005554
9.612122 -0.029236
9.711487 0.050476
9.717957 0.051636
9.642029 -0.011597
9.710022 0.042297
9.555481 -0.081665
9.544189 -0.084106
9.521790 -0.095093
9.649414 0.012146
9.514771 -0.094055
9.483337 -0.111267
9.384705 -0.179749
9.414062 -0.142761
9.639038 0.044373
9.616516 0.023315
9.587463 -0.001221
9.734985 0.114197
9.940796 0.266052
10.006165 0.296326
10.180359 0.409058
10.138977 0.344910
10.375061 0.502197
10.695190 0.712708
10.757629 0.705872
10.503479 0.452637
10.516479 0.427490
10.613159 0.469543
10.625183 0.442322
10.841187 0.576355
10.887451 0.567505
10.786865 0.444458
10.837463 0.449280
10.803284 0.387451
10.835144 0.382141
10.830688 0.348816
11.057983 0.499390
11.341492 0.682129
11.188477 0.509094
11.001099 0.322754
11.107910 0.381104
11.058289 0.312500
11.195251 0.395142
11.400085 0.524048
11.623169 0.657166
11.653442 0.629578
11.658569 0.584473
11.513184 0.425537
11.621094 0.476501
11.724182 0.519775
11.844604 0.573181
11.845520 0.529236
11.890442 0.523071
11.834717 0.438843
11.740967 0.331360
11.824402 0.370728
11.890442 0.393372
12.132263 0.551819
12.223083 0.579712
12.274780 0.574890
12.330566 0.573608
12.115051 0.360168
12.478943 0.616699
12.495911 0.581787
12.547974 0.577087
12.485596 0.483154
12.660522 0.582092
12.736450 0.595947
12.759644 0.567566
12.834412 0.581604
13.055115 0.708435
12.996643 0.607605
12.932434 0.510193
12.800293 0.367371
12.670349 0.237427
12.828003 0.341919
13.035339 0.476929
13.298645 0.645081
13.138306 0.469543
13.138306 0.432861
13.225647 0.467285
13.359497 0.535461
13.414917 0.536926
13.443970 0.517700
13.524658 0.540405
13.512573 0.488708
13.662659 0.567932
13.772400 0.609375
13.779785 0.567505
13.973938 0.675049
14.182678 0.785400
14.265503 0.788757
13.946472 0.478516
14.193848 0.634155
14.289368 0.659241
14.505127 0.776123
14.554382 0.754028
14.630310 0.754456
14.678711 0.733459
14.748474 0.730713
14.838074 0.743652
14.759705 0.624573
14.530701 0.396973
14.471741 0.319824
14.501343 0.317993
14.532349 0.317444
14.483215 0.254211
14.419312 0.184326
14.391846 0.148499
14.561707 0.269775
14.774475 0.415161
14.820679 0.418823
14.904236 0.451416
14.870361 0.389648
14.704895 0.230042
14.669250 0.184326
14.649109 0.154297
14.627808 0.125732
14.644409 0.128967
14.720154 0.177979
14.832703 0.251892
14.784729 0.194824
14.563354 0.006958
14.569458 0.011169
14.559021 0.002197
14.700012 0.112000
14.635620 0.052979
14.701233 0.100159
14.716370 0.104187
14.697754 0.081482
14.787109 0.145020
14.715149 0.077393
14.672913 0.038330
14.738403 0.086609
14.727966 0.071716
14.856201 0.166443
14.824463 0.128601
14.910095 0.185547
14.980835 0.226379
15.135864 0.329651
15.176270 0.335449
15.230225 0.351379
15.339233 0.409058
15.417480 0.438232
15.452759 0.431641
15.626831 0.533752
15.562805 0.442200
15.619080 0.451660
15.517334 0.337158
15.612915 0.385437
15.538879 0.297546
15.619507 0.337402
15.700195 0.374146
15.842346 0.456116
15.885376 0.454163
15.929504 0.453186
16.142151 0.584106
16.237061 0.612732
16.162842 0.506775
16.194763 0.492126
16.385315 0.602661
16.375366 0.547791
16.326660 0.466980
16.290710 0.402588
16.343689 0.412537
16.429810 0.447571
16.469421 0.443542
16.538879 0.463196
16.600525 0.475159
16.759460 0.562073
16.774353 0.529907
16.823914 0.527344
17.038330 0.653442
17.236267 0.756897
17.237183 0.698547
17.181091 0.600037
17.145630 0.525391
17.298340 0.603760
17.352478 0.598938
17.399292 0.588745
17.424988 0.562866
17.456360 0.543457
17.636780 0.642090
17.544800 0.519958
17.703125 0.603149
17.689270 0.545227
17.753784 0.553040
17.712097 0.477478
17.851196 0.548706
17.902344 0.545837
17.962463 0.550171
18.183044 0.679321
18.220093 0.655273
18.162903 0.559570
18.169983 0.521484
18.283508 0.569397
18.480103 0.678345
18.530823 0.665039
18.623108 0.685181
18.664490 0.664001
18.820496 0.734131
18.617798 0.518188
18.656128 0.507690
18.708496 0.508972
18.546570 0.342529
18.485352 0.267883
18.514221 0.269531
18.618469 0.330017
18.737793 0.397583
18.904053 0.496521
19.173523 0.668213
19.408325 0.799255
19.402466 0.732361
19.391113 0.666443
19.587952 0.768005
19.657532 0.762451
19.651367 0.698242
19.653015 0.645142
19.568359 0.528870
19.580017 0.496704
19.507324 0.401306
19.540405 0.395874
19.340698 0.208984
19.289062 0.152283
19.276917 0.130920
19.304626 0.142395
19.322205 0.145020
19.453796 0.236633
19.444336 0.210754
19.598694 0.315002
19.671265 0.347229
19.524719 0.205505
19.504883 0.173950
19.676453 0.294617
19.720032 0.305664
19.680237 0.250854
19.721558 0.263611
19.803711 0.307190
19.693481 0.197327
19.831909 0.289917
19.776489 0.224121
19.826477 0.245605
19.899841 0.283691
19.951050 0.301514
19.933838 0.264587
19.972412 0.274048
20.205078 0.434387
20.086975 0.308044
20.301697 0.451965
20.282471 0.401611
20.353699 0.425964
20.339417 0.381470
20.352844 0.362183
20.364258 0.342834
20.366699 0.317993
20.512756 0.407410
20.622803 0.461670
20.936890 0.671265
20.903992 0.593201
21.062622 0.670654
21.238342 0.755432
21.210388 0.674744
21.340515 0.723633
21.328613 0.657959
21.167603 0.481140
21.359863 0.593567
21.279968 0.484985
21.274597 0.442993
21.416809 0.519348
21.429871 0.489075
21.552368 0.546570
21.668396 0.594604
21.599670 0.494385
21.692627 0.528442
21.616943 0.427979
21.865234 0.588745
21.786743 0.481323
21.938416 0.562378
22.083130 0.631592
22.145691 0.631165
22.054626 0.510559
22.014771 0.439453
21.858643 0.283264
22.019409 0.386597
22.104492 0.422791
22.133972 0.412842
21.855896 0.163818
21.775146 0.088074
21.749695 0.061340
21.920837 0.190002
21.977112 0.219055
22.024780 0.239197
22.115356 0.291199
22.016846 0.191711
22.213013 0.329956
22.365906 0.423767
22.518494 0.510010
22.598572 0.532776
22.880554 0.711731
22.986084 0.738647
22.942993 0.647217
23.083923 0.706848
23.190857 0.735229
23.118713 0.621277
23.227600 0.657898
23.179749 0.569031
22.924927 0.325623
23.018555 0.373291
23.050781 0.369324
23.203735 0.459839
23.365540 0.550171
23.418274 0.548401
23.639160 0.677917
23.652649 0.635620
23.757080 0.667542
23.903076 0.729370
23.908569 0.676819
23.982849 0.682007
23.894348 0.559631
23.894836 0.516296
23.847046 0.438538
23.962646 0.494690
24.098145 0.562012
24.337402 0.705261
24.500061 0.777344
24.526123 0.736938
24.466675 0.632812
24.577698 0.670227
24.715393 0.725586
24.732788 0.682495
24.794128 0.677185
24.747253 0.587830
24.651123 0.467041
24.546021 0.348633
24.582336 0.349792
24.614929 0.347961
24.704529 0.390747
24.754028 0.398865
24.850586 0.443054
24.771790 0.347107
24.961182 0.467773
25.035034 0.488892
25.105652 0.505920
25.130676 0.485962
25.141052 0.456055
25.440491 0.654602
25.596741 0.725647
25.484314 0.580994
25.637573 0.655457
25.751587 0.693420
25.769348 0.653137
25.932617 0.729858
25.955322 0.690613
25.801697 0.516418
25.838074 0.504578
25.851685 0.475891
25.801270 0.399475
25.925903 0.465515
25.821716 0.347961
26.035461 0.487610
25.938782 0.374207
25.920959 0.331177
26.042969 0.400574
26.205078 0.495789
26.291138 0.524231
26.299316 0.489807
26.340332 0.483643
26.323730 0.432861
26.370667 0.435730
26.531433 0.527466
26.538635 0.491882
26.629639 0.524658
26.781067 0.602112
26.723145 0.509705
26.770569 0.507019
27.076782 0.706970
27.188538 0.739075
26.985657 0.522583
27.029175 0.515808
26.997803 0.451172
27.043274 0.451416
26.925110 0.324097
26.829041 0.223938
26.794617 0.179626
26.822021 0.187012
26.989563 0.303101
26.843689 0.165710
26.890503 0.189270
26.824890 0.123352
27.073608 0.307739
27.257568 0.427368
27.271912 0.405151
27.316284 0.408203
27.462097 0.490356
27.673950 0.617737
27.740234 0.621338
27.653137 0.504639
27.519836 0.360901
27.495972 0.314026
27.606689 0.376099
27.578857 0.324890
27.657166 0.360718
27.650391 0.327271
27.613281 0.272827
27.550537 0.202637
27.783081 0.368225
27.944092 0.465088
28.124207 0.569336
28.169006 0.559875
28.173889 0.520020
28.341248 0.610046
28.335388 0.557922
28.404968 0.568726
28.434448 0.547424
28.155151 0.286621
28.370361 0.432556
28.500122 0.500244
28.588867 0.530518
28.625000 0.517334
28.617493 0.471008
28.507141 0.347900
28.552246 0.356018
28.359375 0.177307
28.455139 0.238342
28.587341 0.323120
28.640137 0.339172
28.732178 0.384583
28.741516 0.361938
28.792969 0.373901
28.936035 0.456360
29.150452 0.588013
29.058411 0.470398
29.206238 0.549011
29.254028 0.543457
29.325073 0.556519
29.265259 0.466492
29.357727 0.502258
29.611145 0.660767
29.742981 0.712158
29.791687 0.694580
29.916992 0.738281
30.022278 0.762878
30.087280 0.754089
30.034363 0.653748
30.089417 0.645752
30.135315 0.631226
30.117126 0.567688
30.089844 0.501953
30.214172 0.559937
30.341553 0.615784
30.495850 0.688232
30.602051 0.717407
30.500854 0.582520
30.390686 0.451172
30.326355 0.365845
30.495361 0.469116
30.296265 0.277283
30.382324 0.322754
30.502136 0.391052
30.710144 0.522766
30.722839 0.491943
30.582581 0.344238
30.550354 0.292236
30.502258 0.231812
30.515625 0.224182
30.602966 0.274963
30.609863 0.258911
30.839294 0.418152
30.785400 0.343323
31.015076 0.496155
31.209290 0.609314
31.318726 0.647278
31.314636 0.593445
31.435364 0.641479
31.351562 0.525940
31.540527 0.632324
31.619080 0.644287
31.695007 0.653259
31.673401 0.585449
31.616638 0.495605
31.757812 0.567139
32.110535 0.798096
32.222412 0.823120
32.352417 0.860352
32.568848 0.962036
32.885498 1.134033
33.065125 1.185791
32.997131 1.039856
32.883240 0.869446
33.246826 1.085876
33.482544 1.185364
33.486206 1.095520
33.351318 0.904358
33.443848 0.906067
33.452332 0.841858
33.493469 0.808228
33.642822 0.861877
33.737122 0.868286
33.689331 0.763184
33.688110 0.702698
33.789185 0.726746
33.889832 0.748596
33.992432 0.770203
34.175476 0.852905
34.237854 0.835083
34.343018 0.852051
34.025208 0.537781
34.072205 0.532532
34.196472 0.587891
34.170837 0.522095
34.147827 0.463379
34.057556 0.356506
34.211975 0.449463
34.304932 0.487061
34.457825 0.568604
34.323914 0.419373
34.390076 0.438416
34.415588 0.424133
34.466431 0.430786
34.492126 0.417236
34.550720 0.430481
34.762207 0.562256
34.599548 0.391357
34.819824 0.532654
34.867798 0.528564
34.838867 0.464844
34.938477 0.506287
34.771179 0.336365
34.730164 0.278198
34.830322 0.334595
35.028198 0.462830
35.078064 0.465637
35.210327 0.532471
35.185303 0.471436
35.327759 0.545898
35.587219 0.706177
35.739075 0.769775
35.794678 0.753113
35.920959 0.793030
35.970093 0.769531
36.036072 0.760986
36.199768 0.829529
36.354370 0.885620
36.360413 0.821106
36.466309 0.839783
36.454163 0.764648
36.395203 0.658936
36.493530 0.684265
36.559631 0.682556
36.451843 0.545288
36.653870 0.660339
36.432251 0.436035
36.806458 0.693909
36.972900 0.769653
36.958252 0.698303
36.973633 0.655884
37.049194 0.663696
37.036560 0.602112
37.140503 0.636292
37.229919 0.656494
37.293396 0.654846
37.408386 0.693604
37.397339 0.630737
37.517639 0.675537
37.646362 0.723450
37.747681 0.746094
37.761902 0.698914
37.906616 0.757507
37.949463 0.731812
38.040100 0.745483
38.219727 0.827515
38.233582 0.773865
38.291870 0.759033
38.306152 0.710999
38.427551 0.750244
38.377625 0.652893
38.541565 0.729858
38.561584 0.688599
38.510681 0.595276
38.612000 0.627869
38.705994 0.652222
38.842285 0.707703
38.644043 0.497620
38.812073 0.590149
38.904419 0.616272
38.935120 0.592102
39.020752 0.612793
39.106506 0.631958
39.253967 0.697876
39.280518 0.664124
39.501770 0.785339
39.855103 1.000305
40.037537 1.064819
40.258667 1.154541
40.450684 1.214355
40.653015 1.277466
40.838013 1.322144
40.729248 1.134277
40.638428 0.975037
40.820312 1.040894
40.916626 1.034912
41.044434 1.053894
41.213318 1.103394
41.228088 1.028931
41.268982 0.980591
41.089355 0.764038
41.299316 0.868408
41.191101 0.715820
41.104675 0.592285
41.029236 0.486938
40.932983 0.373596
40.905334 0.322815
40.929321 0.316345
40.874817 0.248962
41.002075 0.329041
41.436279 0.643005
41.659607 0.767456
41.872620 0.874084
42.069580 0.959717
42.333374 1.090637
42.140442 0.855164
42.047485 0.716003
42.083862 0.688599
42.162354 0.696167
42.284546 0.737183
42.357788 0.736877
42.536377 0.818665
42.604065 0.807678
42.575684 0.722595
42.408997 0.536255
42.405945 0.492004
42.497131 0.524902
42.634827 0.591614
42.659363 0.564575
42.779785 0.614624
42.798279 0.581055
42.946228 0.651428
43.002258 0.644287
43.087646 0.660706
43.137634 0.648193
43.355286 0.767822
43.447021 0.779541
43.719055 0.931152
43.891602 0.993103
44.044067 1.034607
44.107056 1.003113
44.254639 1.039978
44.471313 1.127930
44.564148 1.112427
44.758789 1.177490
44.791382 1.111145
44.878235 1.092224
44.851318 0.986084
44.921692 0.964111
44.823853 0.812439
44.770935 0.707520
44.840088 0.706299
44.872131 0.676208
44.953125 0.686707
45.107361 0.753723
45.016479 0.623718
45.034363 0.588989
45.165039 0.645203
45.194458 0.617798
45.611389 0.895691
45.659302 0.863098
45.656372 0.793457
45.651978 0.728210
45.660278 0.677979
45.747620 0.693237
45.854126 0.722290
45.918701 0.716370
45.969116 0.699890
46.184326 0.813171
46.373718 0.897522
46.452698 0.889160
46.390015 0.770935
46.563477 0.846130
46.876038 1.024231
47.110901 1.127869
47.240845 1.141357
47.409912 1.184387
47.387512 1.074280
47.464478 1.050537
47.421326 0.934692
47.526672 0.944031
47.705933 1.010437
47.728821 0.949341
47.702393 0.854431
47.863831 0.913940
48.002075 0.950562
48.184875 1.019043
48.268127 1.004578
48.583374 1.172119
48.597473 1.091797
48.868835 1.218323
48.934937 1.174927
48.913208 1.066406
49.121094 1.145447
49.158691 1.085449
49.128723 0.977478
49.083130 0.865723
49.295410 0.963928
49.552368 1.089600
49.717224 1.133362
49.810242 1.117554
49.901550 1.101562
49.957886 1.059509
49.908447 0.937988
49.901978 0.859619
50.038086 0.898865
50.144592 0.911865
50.336243 0.990479
50.479858 1.025391
50.571777 1.017151
50.561035 0.929443
50.461243 0.779175
50.616821 0.839783
50.720947 0.855530
50.510010 0.624329
50.506958 0.573303
50.524536 0.542297
50.658325 0.604370
50.670227 0.566589
50.774231 0.603516
50.871155 0.632080
50.953613 0.647156
50.983093 0.619629
51.043823 0.618713
51.060486 0.583374
51.234497 0.673889
51.428528 0.773010
51.449707 0.729126
51.768494 0.921509
51.894409 0.947998
52.202026 1.114502
52.237976 1.055481
52.132629 0.890564
52.313110 0.961975
52.442871 0.988220
52.573425 1.013000
52.648560 0.992676
52.723267 0.973511
52.797852 0.955811
52.880676 0.945923
53.133606 1.069458
53.341003 1.147827
53.558838 1.228210
53.696350 1.239746
53.806274 1.228821
53.799316 1.127502
53.865967 1.091492
53.616394 0.810974
53.686401 0.802307
53.843994 0.862854
54.014099 0.928406
54.108643 0.929810
54.235962 0.956726
54.055359 0.740601
54.165588 0.768921
54.072510 0.635986
54.086365 0.597107
54.194153 0.634644
54.365906 0.719116
54.415955 0.702087
54.402466 0.636841
54.415100 0.597046
54.297607 0.458923
54.226013 0.367310
54.197083 0.316162
53.995850 0.134644
54.053101 0.168823
54.020630 0.130371
54.161804 0.230347
54.312500 0.330078
54.109314 0.145325
54.081421 0.112122
54.053040 0.081177
53.938965 -0.014343
53.904968 -0.039856
54.233765 0.220459
54.294861 0.250977
54.471619 0.369629
54.486877 0.352661
54.384216 0.244812
54.360962 0.207458
54.465332 0.272827
54.523804 0.297180
54.480530 0.240295
54.381470 0.144348
54.805786 0.464050
54.845520 0.458862
54.905945 0.470215
54.985046 0.495239
55.057251 0.512939
55.147522 0.543335
55.295776 0.616638
55.316772 0.584961
55.270813 0.503418
55.369019 0.540894
55.433533 0.549133
55.681641 0.700317
55.894653 0.812195
55.976562 0.812744
55.884949 0.677551
55.874390 0.616333
56.047791 0.703796
56.197205 0.765625
56.235840 0.736023
56.312256 0.738220
56.386353 0.738464
56.454529 0.734070
56.223938 0.497009
56.158447 0.407166
56.208984 0.414856
56.490784 0.602295
56.531311 0.586975
56.687805 0.663269
56.849609 0.737732
57.037781 0.826965
57.184875 0.877258
57.140808 0.774536
57.137024 0.711182
57.137939 0.656311
57.169373 0.629578
57.201965 0.605835
57.355042 0.678162
57.409180 0.667542
57.471252 0.663940
57.621155 0.729309
57.825317 0.832031
57.854553 0.789856
57.987854 0.832397
57.915955 0.711121
58.015991 0.733765
58.044861 0.699097
58.063721 0.659302
58.044800 0.593201
57.960388 0.481140
57.784790 0.306702
57.819214 0.309631
58.004578 0.430054
57.893311 0.309753
57.957153 0.335388
58.031372 0.367126
57.981812 0.299866
58.093628 0.363770
57.794678 0.101501
57.747925 0.057007
57.790161 0.085632
57.889954 0.156982
58.112061 0.318420
58.243042 0.395996
58.358215 0.455139
58.538208 0.560364
58.514465 0.497986
58.449036 0.407898
58.591492 0.487427
58.607788 0.462097
58.493958 0.337341
58.741516 0.504089
58.988586 0.657532
59.159180 0.739258
59.170715 0.690674
59.216797 0.672791
59.368896 0.738953
59.305664 0.632019
59.493286 0.729065
59.499817 0.677368
59.580627 0.687622
59.583801 0.636414
59.651306 0.639465
59.552856 0.512451
59.328918 0.297241
59.451782 0.370178
59.358643 0.268372
59.528381 0.380188
59.516602 0.341248
59.711365 0.466980
59.846680 0.536316
59.853943 0.500061
59.904358 0.500366
59.915710 0.470215
59.693481 0.260254
59.780151 0.307556
59.736267 0.249390
59.889893 0.349792
59.877075 0.312561
59.902527 0.308105
60.216370 0.528870
60.348816 0.590942
60.362061 0.555237
60.409180 0.548706
60.364502 0.471130
60.437439 0.491333
60.420593 0.439758
60.612793 0.555725
60.678040 0.563293
60.726562 0.557251
60.840942 0.603149
60.860291 0.571167
60.982910 0.622437
61.033813 0.613586
61.094543 0.613098
61.198425 0.646423
61.059448 0.487183
61.081543 0.466431
61.156738 0.488708
61.127258 0.427612
61.177673 0.433594
61.230286 0.440857
61.337769 0.490295
61.235840 0.372559
61.105164 0.241638
61.061768 0.189026
60.937500 0.077393
61.054077 0.162292
61.020935 0.123840
61.330017 0.355591
61.445618 0.418213
61.382812 0.336365
61.473267 0.380859
61.297913 0.213989
61.683350 0.498779
61.623352 0.412842
61.671143 0.417969
61.541199 0.283630
61.707336 0.391479
61.697632 0.353271
61.800537 0.406189
61.806213 0.378967
61.808472 0.351257
61.898193 0.393860
62.142029 0.553345
62.213806 0.566223
62.285095 0.577698
62.473755 0.679810
62.789185 0.872864
62.871643 0.869141
62.822021 0.762756
62.833008 0.711853
62.927368 0.729919
62.964905 0.702271
63.101501 0.754211
63.110535 0.702332
63.240173 0.748840
63.239014 0.689392
63.422729 0.779175
63.373596 0.679810
63.274536 0.549133
63.553894 0.724731
63.387939 0.538269
63.418213 0.519897
63.495178 0.539490
63.898132 0.812073
64.112732 0.916138
64.297180 0.988586
64.262207 0.884277
64.502441 1.002747
64.515015 0.934387
64.577698 0.910461
64.573547 0.836304
64.563354 0.763184
64.587952 0.722839
64.602905 0.678162
64.757874 0.746216
64.872559 0.777527
64.911194 0.746948
65.044983 0.793213
64.668762 0.436890
64.757263 0.471985
64.847473 0.505676
65.028503 0.607727
65.105957 0.620789
65.173706 0.625244
65.380005 0.737732
65.564697 0.824524
65.554688 0.752258
65.634155 0.755615
65.891541 0.897461
65.739807 0.709167
65.854370 0.743225
66.136047 0.904968
66.394897 1.036255
66.535278 1.064941
66.560181 1.001343
66.593811 0.949524
66.676208 0.939758
66.919678 1.056335
66.937988 0.988281
67.046021 0.995544
67.025146 0.901367
67.221985 0.984863
67.301880 0.970337
67.472168 1.027710
67.414001 0.901855
67.417480 0.834045
67.627686 0.933289
67.635864 0.866699
67.974182 1.063599
67.818115 0.858337
67.877197 0.837524
68.008423 0.874634
68.103760 0.880798
68.103699 0.812134
68.145203 0.781189
68.211060 0.771667
68.314026 0.791870
68.574890 0.933533
68.575623 0.861328
68.691284 0.884399
68.743835 0.856445
68.862488 0.882202
68.629578 0.631775
68.677490 0.619873
68.887268 0.735474
68.892273 0.681885
69.222961 0.887268
69.464417 1.006775
69.503906 0.958923
69.524109 0.899780
69.538940 0.841064
69.558411 0.790588
69.532898 0.708862
69.768372 0.837646
69.790466 0.789429
70.109558 0.976990
70.381226 1.112732
70.378052 1.023499
70.731140 1.219116
70.926208 1.276245
71.103088 1.314697
71.078674 1.193176
71.284729 1.260864
71.485718 1.319336
71.556763 1.271912
71.793945 1.357727
71.769958 1.233215
71.895447 1.234924
71.862976 1.112976
71.897766 1.053162
71.734802 0.843323
71.858398 0.874084
71.878784 0.821716
71.981506 0.837830
72.356689 1.065796
72.413391 1.026855
72.403259 0.938721
72.487549 0.931274
72.501404 0.869324
72.803101 1.037109
72.819275 0.968933
72.959412 1.002686
73.160767 1.081604
73.046082 0.907898
73.124634 0.898376
73.049500 0.769775
73.420105 0.998840
73.566223 1.034912
73.588257 0.971436
73.555298 0.869995
73.604980 0.840942
73.638611 0.801575
73.916199 0.956055
73.799622 0.790100
73.905518 0.811157
74.027100 0.842834
74.117493 0.847656
74.193176 0.840637
74.235046 0.807678
74.435791 0.901550
74.545349 0.916748
74.615356 0.899841
74.359375 0.629272
74.544128 0.724426
74.532410 0.658813
74.769043 0.791992
75.083435 0.975403
75.094055 0.907654
75.171692 0.897461
75.225159 0.869202
75.483154 1.002686
75.616516 1.028503
75.951294 1.209412
76.094849 1.227051
76.172791 1.192200
76.271973 1.176636
76.452148 1.225525
76.312378 1.020325
76.390686 1.001770
76.442688 0.964172
76.516968 0.946899
76.547607 0.896790
76.500488 0.789856
76.658875 0.852051
76.707031 0.823120
76.675598 0.734192
76.947144 0.889221
77.177612 0.999817
77.397400 1.093323
77.680420 1.228821
77.670410 1.125244
77.587402 0.972778
77.692505 0.978882
77.699280 0.907837
77.695801 0.834351
77.785339 0.839111
77.824707 0.804382
77.678284 0.627502
77.763550 0.645081
77.784668 0.611267
77.964905 0.704468
78.018555 0.691406
78.265564 0.830627
78.472473 0.927551
78.523438 0.894897
78.331848 0.675110
78.588806 0.823364
78.866760 0.976440
78.935486 0.953857
79.111328 1.016785
79.112122 0.937927
79.036377 0.805542
79.187866 0.860901
79.606323 1.120117
79.575073 1.008423
79.730896 1.051331
79.838745 1.053467
79.948914 1.057251
80.080078 1.077148
80.218750 1.101318
80.229736 1.024048
80.171936 0.899109
80.306213 0.933777
80.531250 1.036682
80.660400 1.056641
80.645325 0.962280
80.564575 0.823853
80.557068 0.753601
80.819641 0.900085
80.910339 0.900696
80.950806 0.861938
81.038330 0.863037
81.067139 0.818115
81.092468 0.773926
81.174011 0.777222
81.129578 0.681824
81.015869 0.540039
81.135437 0.591187
81.268311 0.648743
81.160034 0.513733
81.322510 0.600403
81.560608 0.739319
81.601379 0.713440
81.575317 0.637512
81.671448 0.662781
81.699829 0.633301
81.723145 0.602112
81.878052 0.676086
81.848145 0.599854
81.887512 0.583801
82.078064 0.687195
82.266907 0.781189
82.422791 0.842041
82.706421 0.998108
82.757874 0.960327
82.903503 0.999146
82.834839 0.867310
82.984436 0.916565
83.004395 0.860535
83.180908 0.931213
83.353149 0.992981
83.628845 1.130615
83.655029 1.062927
83.625854 0.957336
83.811890 1.027771
84.065491 1.145447
84.272400 1.217529
84.518738 1.314758
84.632080 1.300720
84.615906 1.186707
84.462708 0.974731
84.532715 0.953369
84.739258 1.040405
84.800842 1.007202
85.014343 1.095459
85.222046 1.172302
85.282166 1.127686
85.454590 1.174377
85.679138 1.258179
85.697388 1.174133
85.595581 1.002686
85.675964 0.987183
85.472534 0.750854
85.627380 0.813171
85.756775 0.850708
85.980652 0.958984
85.952820 0.862549
86.023499 0.850464
85.935852 0.715820
85.871460 0.609802
85.777588 0.489075
85.844421 0.503052
85.945374 0.542603
86.077393 0.603271
86.105408 0.578064
86.226562 0.627625
86.304810 0.639771
86.355835 0.629700
86.462708 0.664062
86.525085 0.661011
86.685669 0.734985
86.768677 0.742432
86.801025 0.709717
86.803345 0.656067
86.712402 0.533630
86.634460 0.430969
86.832886 0.552551
86.670654 0.382690
86.653320 0.339417
86.662415 0.320068
86.710632 0.332703
86.778748 0.359924
86.919250 0.441467
86.844727 0.348938
87.080261 0.505432
87.198608 0.558350
87.072083 0.416138
86.858398 0.217041
86.824097 0.173401
86.895569 0.215637
87.271179 0.492615
87.327759 0.498352
87.126587 0.302002
87.071167 0.235046
87.102478 0.241150
87.163391 0.269958
87.058594 0.166870
87.119446 0.201416
87.104248 0.173828
87.037231 0.107849
87.185364 0.215332
87.358704 0.333923
87.546021 0.454041
87.642639 0.494019
87.666260 0.473938
87.791199 0.534424
87.840027 0.530884
87.909119 0.543396
87.956604 0.538086
88.057068 0.574524
88.199829 0.641113
88.538635 0.855347
88.630615 0.860413
88.610291 0.777405
88.543518 0.664368
88.522034 0.595642
88.774414 0.746521
88.717102 0.643372
88.809937 0.665710
88.776733 0.587708
88.838013 0.589722
88.906860 0.597473
88.802551 0.469177
88.713501 0.362854
88.928223 0.502441
88.984192 0.506958
89.033813 0.506165
89.026550 0.460999
89.004761 0.408081
89.089783 0.442566
88.978210 0.321106
88.992859 0.307556
88.794800 0.129150
88.720581 0.061218
88.696350 0.037598
88.960388 0.240601
88.772766 0.075500
88.927002 0.190063
88.854675 0.118652
89.081604 0.286926
89.318359 0.449707
89.647461 0.672058
89.837830 0.768433
89.819580 0.694092
90.008484 0.787598
90.088440 0.788574
90.225647 0.834290
90.205872 0.753601
90.219543 0.705383
90.293274 0.707886
90.410156 0.743835
90.535950 0.783936
90.818420 0.943115
90.925110 0.952820
90.751587 0.743225
90.925842 0.821167
90.909790 0.744629
90.942749 0.712341
90.983948 0.688965
91.062500 0.696533
91.055542 0.636841
91.240723 0.731750
91.302124 0.722595
91.518677 0.835510
91.874390 1.048462
91.827942 0.930115
91.888062 0.904419
91.725403 0.706482
91.824646 0.728882
92.017029 0.822449
92.246277 0.937439
92.350159 0.945435
92.532227 1.013977
92.854980 1.186951
93.036072 1.235596
92.977234 1.093445
92.901306 0.948975
93.069946 1.006531
93.161011 0.999084
93.398315 1.106262
93.484863 1.087524
93.614746 1.104004
93.746704 1.120850
93.693298 0.991882
93.515198 0.775696
93.666260 0.833130
93.457886 0.604980
93.477478 0.573059
93.490967 0.538818
93.433289 0.451599
93.408386 0.396851
93.451172 0.399231
93.402100 0.329651
93.348083 0.261658
93.306519 0.208740
93.256897 0.153687
93.450378 0.293030
93.403625 0.233704
93.513367 0.301086
93.501892 0.268677
93.510071 0.254089
93.675537 0.363281
93.639893 0.307190
93.738953 0.360474
93.801453 0.381104
93.781250 0.335693
93.901001 0.402954
93.951660 0.411011
94.095703 0.491333
94.219360 0.549561
94.274048 0.549377
94.143921 0.404663
94.437256 0.602539
94.248535 0.407837
94.411072 0.503113
94.525696 0.553406
94.489990 0.482239
94.553467 0.494202
94.587769 0.482422
94.773071 0.589661
94.683044 0.473145
94.698608 0.448364
94.469360 0.234619
94.711365 0.405090
94.612732 0.296631
94.684387 0.329407
94.731445 0.340454
94.838013 0.397034
95.064575 0.542786
95.357605 0.729004
95.480103 0.767700
95.585815 0.790344
95.639893 0.770935
95.802185 0.837524
95.805359 0.774597
95.969482 0.842468
96.054993 0.843506
96.171631 0.868774
96.093445 0.739685
96.089478 0.678772
96.134827 0.661194
96.059998 0.550964
96.367310 0.748291
96.497437 0.791626
96.626099 0.830383
96.630676 0.769165
96.551208 0.647278
96.610046 0.642700
96.757446 0.707581
96.892334 0.757629
96.927185 0.725830
96.975891 0.707275
96.991882 0.664612
97.096436 0.694397
97.282104 0.785095
97.381958 0.801819
97.498352 0.830078
97.557556 0.811523
97.384949 0.613037
97.332214 0.523804
97.440369 0.567444
97.484680 0.557739
97.579041 0.587952
97.817566 0.728577
97.926758 0.757019
98.050354 0.794556
98.037415 0.722351
97.942810 0.591858
97.947937 0.549622
97.881531 0.454834
98.115662 0.601990
98.171265 0.598450
98.182068 0.560242
98.268433 0.583984
98.020142 0.344849
98.174561 0.438416
98.121033 0.362488
98.198120 0.394348
98.221863 0.382202
98.428040 0.513184
98.533691 0.555603
98.747559 0.679260
98.763794 0.638916
98.838562 0.647461
98.886414 0.634277
98.653564 0.402588
98.576721 0.311035
98.577576 0.287415
98.719971 0.376343
98.786926 0.399292
98.655640 0.265381
98.665283 0.252197
98.924500 0.435242
98.933716 0.408508
98.968140 0.403503
99.094849 0.470886
99.143066 0.471802
99.065430 0.374512
99.068909 0.348022
99.060852 0.314636
99.178955 0.382202
99.167969 0.343872
99.181641 0.327698
99.027222 0.181763
98.968201 0.121582
99.161133 0.262756
99.148865 0.232605
99.168030 0.229431
99.135498 0.186096
99.248535 0.260010
99.208618 0.208496
99.274231 0.243530
99.432190 0.348083
99.603882 0.455139
99.542419 0.371521
99.753418 0.507507
99.786194 0.493469
99.710632 0.395935
99.805176 0.438843
99.819397 0.415771
99.884094 0.433777
99.889709 0.404358
99.870850 0.358154
99.702393 0.198914
99.760864 0.229065
99.598328 0.084473
99.566345 0.052979
99.739807 0.184143
99.973572 0.352112
99.943420 0.301147
100.086853 0.389832
100.254883 0.490784
100.311157 0.496460
100.289368 0.440613
100.170044 0.312866
99.949707 0.116028
99.980103 0.130737
100.123413 0.232605
99.964783 0.090332
100.020447 0.126831
99.900269 0.022949
99.930298 0.044617
100.038269 0.125305
99.976501 0.067383
99.987122 0.070435
99.952332 0.037842
100.048523 0.109924
100.122192 0.158813
100.142090 0.161987
100.296143 0.269531
100.384583 0.317505
100.346008 0.262695
100.412292 0.293884
100.486023 0.328552
100.508606 0.320557
100.708496 0.451843
100.678345 0.392944
100.489990 0.214905
100.490051 0.198181
100.360046 0.080994
100.403992 0.109070
100.213013 -0.048828
100.187927 -0.064697
100.128601 -0.106079
100.293091 0.030884
100.403381 0.114624
100.533020 0.206848
100.604248 0.246277
100.516602 0.158752
100.635376 0.239014
100.848877 0.386902
100.804077 0.321838
100.661316 0.185425
100.500854 0.045837
100.368408 -0.061035
100.429626 -0.008545
100.552429 0.087830
100.549500 0.078735
100.591919 0.105774
100.601685 0.105164
100.603943 0.098694
100.517273 0.023254
100.559326 0.054321
100.526917 0.024780
100.570312 0.056824
100.678955 0.137390
100.918030 0.313660
100.774231 0.176697
100.854248 0.225525
101.018250 0.335999
101.092712 0.367859
101.141479 0.377258
101.126953 0.336548
101.202698 0.369385
101.037964 0.212097
100.886414 0.077393
100.968445 0.135376
100.863770 0.043213
101.104797 0.227844
101.298157 0.360901
101.284119 0.321838
101.228088 0.252991
101.231323 0.235779
101.234314 0.219666
101.289612 0.245789
101.367981 0.287903
101.313721 0.222961
101.410645 0.281372
101.374146 0.230896
101.220764 0.092896
101.326416 0.168274
101.126465 -0.001282
101.154236 0.020508
101.330322 0.156433
101.259460 0.088989
101.267212 0.088135
101.343567 0.140808
101.295593 0.092468
101.329041 0.111328
101.381653 0.143738
101.392639 0.141113
101.703857 0.372803
101.675293 0.321472
101.866699 0.445740
101.858887 0.404907
101.746155 0.285278
101.752380 0.267883
101.792542 0.278381
101.857117 0.307129
101.990601 0.387512
102.262390 0.569824
102.211670 0.485596
102.071777 0.338196
102.117737 0.347717
102.061401 0.276489
102.076477 0.266724
101.843384 0.063538
101.996155 0.177917
101.958496 0.134705
101.710876 -0.068909
101.661011 -0.102478
101.748108 -0.026611
101.838379 0.045837
101.664368 -0.093445
101.732483 -0.033081
101.539124 -0.181335
101.578491 -0.136475
101.754089 0.011047
101.765808 0.019287
101.644409 -0.076965
101.731079 -0.003113
101.736206 0.001099
101.890991 0.122131
101.887878 0.110168
101.914551 0.122437
101.812866 0.033325
101.933716 0.125244
101.939331 0.119873
101.864563 0.052063
101.956177 0.119690
102.130432 0.246643
102.189819 0.273743
102.320557 0.354370
102.423035 0.406677
102.326477 0.299683
102.573181 0.468750
102.474487 0.355286
102.496033 0.344421
102.559937 0.367371
102.554565 0.334595
102.683289 0.408936
102.730713 0.414062
102.636169 0.308044
102.660889 0.303345
102.621887 0.249146
102.600830 0.213196
102.520142 0.133423
102.714783 0.275269
102.907959 0.404907
103.030518 0.469116
103.143860 0.521118
103.054993 0.410889
102.990356 0.328186
102.939392 0.262695
103.045593 0.325256
103.105957 0.347046
103.123596 0.333740
103.338684 0.475464
103.381104 0.471497
103.287842 0.362000
103.270630 0.320374
103.407837 0.402466
103.601746 0.522339
103.705322 0.562439
103.961853 0.718689
104.129028 0.793030
104.123657 0.727112
103.971375 0.551392
103.835388 0.401917
103.817200 0.356262
103.964600 0.443726
104.137451 0.544312
104.145142 0.507812
104.213074 0.521240
104.148132 0.429749
104.129761 0.381836
104.171936 0.385010
103.924805 0.161621
103.932922 0.155396
104.039124 0.226196
104.005798 0.182617
103.837769 0.037292
103.606384 -0.146057
103.680298 -0.077026
103.765930 -0.004272
103.767883 -0.002441
103.932922 0.126404
104.081299 0.232300
104.239685 0.337769
104.042236 0.157410
103.985901 0.101257
104.079041 0.166138
104.260803 0.295288
104.421509 0.397949
104.568298 0.481689
104.627197 0.490051
104.676697 0.490479
104.730286 0.494080
104.892212 0.582092
104.823425 0.482788
104.910278 0.513000
104.914856 0.476501
104.932983 0.453430
104.887695 0.382690
104.811340 0.293335
104.840637 0.293335
104.870361 0.293640
104.720581 0.153992
104.857544 0.248840
105.124878 0.437927
105.323364 0.558594
105.349182 0.535217
105.443604 0.567200
105.463013 0.538086
105.634583 0.629944
105.929504 0.811157
106.127014 0.902283
106.233337 0.914917
106.213623 0.827942
106.335999 0.858948
106.240845 0.717407
106.281738 0.693298
106.366455 0.705383
106.459900 0.723328
106.501404 0.699280
106.456055 0.609131
106.399414 0.517212
106.440002 0.508545
106.382996 0.424500
106.366211 0.378296
106.424377 0.394165
106.523193 0.440552
106.396851 0.307678
106.523621 0.382568
106.606323 0.417297
106.568848 0.355591
106.753235 0.471680
106.614319 0.326599
106.522888 0.229858
106.424866 0.135376
106.430969 0.129639
106.422424 0.112854
106.341736 0.040955
106.303711 0.008057
106.332214 0.029724
106.460999 0.128174
106.671448 0.282776
106.691895 0.276672
106.597961 0.181519
106.572266 0.147217
106.547913 0.116699
106.725220 0.246033
106.665466 0.180298
106.511536 0.046204
106.508606 0.040344
106.573303 0.087708
106.640015 0.132935
106.562988 0.062561
106.595886 0.083374
106.309998 -0.146057
106.397034 -0.066772
106.570374 0.073608
106.557800 0.058105
106.566772 0.060547
106.522766 0.021362
106.863525 0.286316
106.882019 0.278442
106.969482 0.325073
107.073120 0.380737
107.247375 0.487305
107.244263 0.446777
107.237915 0.406921
107.328979 0.446350
107.447510 0.504150
107.378235 0.410583
107.300049 0.317505
107.164001 0.186646
107.126221 0.142700
107.351562 0.307373
107.330688 0.267151
107.274231 0.202332
107.141846 0.083374
107.151062 0.084106
107.172607 0.094360
107.222412 0.125916
107.433167 0.280457
107.596802 0.386230
107.386475 0.191833
107.431885 0.212402
107.368286 0.146118
107.386963 0.149353
107.565186 0.277161
107.608093 0.289124
107.670044 0.315002
107.721008 0.330261
107.704224 0.291321
107.638428 0.217041
107.572083 0.148193
107.472717 0.058899
107.442200 0.030457
107.717224 0.242615
107.623840 0.150879
107.505981 0.047180
107.544922 0.073853
107.483337 0.020142
107.461426 0.001526
107.601440 0.110596
107.591614 0.094360
107.506775 0.020874
107.448303 -0.026367
107.415894 -0.049622
107.520935 0.036255
107.515503 0.029236
107.330383 -0.117798
107.414734 -0.042664
107.381775 -0.065186
107.792908 0.261475
107.804993 0.250488
107.916992 0.318481
108.033020 0.384338
108.027588 0.350037
108.067566 0.353943
108.225281 0.449646
108.441101 0.583130
108.528503 0.605835
108.701721 0.693665
108.601196 0.561157
108.672974 0.573364
108.772827 0.606506
108.846252 0.616516
108.994324 0.683960
108.956177 0.600891
108.942627 0.543457
109.043945 0.580139
108.887146 0.412659
108.932617 0.416016
108.973022 0.415100
108.927307 0.346924
109.076965 0.436890
108.950745 0.304016
108.950012 0.279724
109.051880 0.337524
109.206421 0.432007
109.141357 0.347351
109.241455 0.398560
109.310730 0.421631
109.270203 0.356995
109.136597 0.224854
109.031860 0.125671
109.110657 0.177368
109.118164 0.169434
109.208740 0.226868
109.262573 0.251221
109.196594 0.180237
109.085266 0.079407
109.208618 0.169434
109.142456 0.104614
109.071472 0.041138
109.033325 0.008179
109.134766 0.086792
109.324646 0.228516
109.407959 0.275818
109.434692 0.275208
109.358398 0.194092
109.449768 0.250427
109.398804 0.190979
109.459839 0.223816
109.461243 0.207397
109.666077 0.351440
109.689941 0.342651
109.768127 0.377014
109.846191 0.408569
110.096863 0.572205
110.188782 0.599304
110.239136 0.591858
110.346741 0.629639
110.396912 0.619690
110.392944 0.568298
110.464600 0.579895
110.433838 0.510742
110.598877 0.599670
110.578857 0.537354
110.823059 0.685913
110.909180 0.699646
110.929260 0.660645
110.944214 0.620728
110.896606 0.534973
110.941223 0.528076
111.087097 0.600952
111.022827 0.503723
110.901123 0.369141
111.005249 0.421753
111.071899 0.440918
110.991211 0.343323
110.981201 0.308655
110.981628 0.284912
110.972168 0.255371
111.017944 0.271179
111.098083 0.312500
111.127441 0.311096
111.151123 0.305359
111.170654 0.296814
111.187988 0.287170
111.158997 0.242188
111.324768 0.352661
111.364441 0.356140
111.228149 0.222107
111.358459 0.306580
111.484497 0.381226
111.447998 0.322876
111.290466 0.174438
111.320801 0.184570
111.351624 0.194275
111.269958 0.115234
111.245300 0.086975
111.322388 0.140503
111.329834 0.135376
111.320007 0.117126
111.380615 0.155457
111.325439 0.100281
111.368408 0.125977
111.521851 0.235840
111.569336 0.254517
111.430969 0.126831
111.477783 0.153503
111.441406 0.113220
111.541077 0.182129
111.664551 0.264221
111.598633 0.192261
111.798950 0.333496
111.793579 0.303345
112.141968 0.551758
112.261108 0.601868
112.208496 0.513672
112.194702 0.462769
112.337524 0.538269
112.386475 0.534485
112.457336 0.548157
112.714294 0.706360
112.662537 0.610596
112.684143 0.579773
112.854187 0.667480
112.857361 0.617798
112.698975 0.445923
112.760559 0.459229
112.643921 0.332458
112.831726 0.453003
112.748108 0.352478
113.108643 0.606201
113.215515 0.642334
113.044495 0.458923
112.989441 0.380249
113.050110 0.397949
113.044800 0.362793
113.050049 0.338623
113.115295 0.363159
113.023987 0.263367
112.947998 0.183350
112.984070 0.197266
113.179016 0.334351
113.246765 0.361206
113.301453 0.375732
113.394348 0.419006
113.199280 0.233704
113.312378 0.303955
113.377686 0.331299
113.637451 0.508606
113.508179 0.367920
113.827148 0.588013
113.903503 0.601746
114.026794 0.651001
114.301086 0.814209
114.360107 0.796814
114.403381 0.768433
114.379578 0.690002
114.303955 0.577271
114.299805 0.529053
114.262085 0.458374
114.343018 0.485779
114.163086 0.307373
114.344543 0.425293
114.398499 0.434265
114.409790 0.409119
114.454712 0.412231
114.317322 0.272522
114.507019 0.399597
114.492676 0.357117
114.495667 0.331543
114.464783 0.281494
114.585938 0.354248
114.773499 0.473267
114.925293 0.554871
114.985779 0.558838
114.994019 0.521729
114.870239 0.384521
114.655518 0.187134
114.613464 0.139771
114.624573 0.137573
114.825317 0.283386
114.867432 0.294128
115.018433 0.388977
115.149536 0.460876
115.040833 0.340210
114.883545 0.190796
115.100159 0.345337
115.288635 0.465820
115.157654 0.326965
115.388245 0.481812
115.445129 0.488647
115.470825 0.470581
115.619385 0.550049
115.700928 0.570862
115.674500 0.505554
115.626282 0.428345
115.566284 0.347961
115.426453 0.211609
115.378967 0.158081
115.308228 0.090637
115.332642 0.102661
115.342346 0.102234
115.350952 0.101013
115.427979 0.153259
115.458069 0.164795
115.548340 0.222351
115.396851 0.086914
115.437500 0.111877
115.468445 0.127258
115.402527 0.065857
115.369751 0.035156
115.209290 -0.093079
115.232788 -0.067444
115.311951 -0.000244
115.372192 0.046875
115.464844 0.115723
115.407227 0.061646
115.345642 0.008728
115.280212 -0.043091
115.300842 -0.023621
115.096924 -0.181335
115.075378 -0.184021
115.303345 0.008057
115.037170 -0.200134
115.052002 -0.173035
115.220764 -0.027954
115.315002 0.047668
115.383789 0.097595
115.478210 0.163635
115.478882 0.151428
115.556396 0.200073
115.596924 0.216125
115.770569 0.334717
115.913208 0.420044
115.873474 0.356140
115.681824 0.178406
115.646606 0.136902
115.602478 0.091675
115.610474 0.090759
115.494019 -0.007385
115.416382 -0.067566
115.448181 -0.037476
115.518799 0.020630
115.409058 -0.066772
115.245544 -0.189453
115.575928 0.083374
115.565796 0.068970
115.446228 -0.029602
115.485107 0.002991
115.455933 -0.019958
115.538513 0.045959
115.570618 0.067444
115.572205 0.063477
115.540283 0.033691
115.398010 -0.079895
115.665100 0.134583
115.579407 0.057312
115.496948 -0.011536
115.541687 0.024353
115.481384 -0.024719
115.563232 0.041199
115.660889 0.114441
115.782654 0.200806
115.847107 0.235596
115.847595 0.217590
115.924011 0.260376
116.002747 0.301636
115.818359 0.133789
115.924194 0.206116
115.844299 0.127686
116.078247 0.300171
116.022522 0.233337
116.001770 0.198975
115.987671 0.172485
115.988159 0.159424
116.280823 0.375244
116.362488 0.409729
116.166260 0.224731
116.402344 0.391296
116.554016 0.479126
116.446533 0.357971
116.440857 0.325623
116.390686 0.260925
116.548157 0.363708
116.383850 0.206787
116.383911 0.190735
116.333374 0.136292
116.134888 -0.029602
116.387268 0.170105
116.251526 0.050659
116.288086 0.075378
116.096497 -0.080383
116.095337 -0.075073
116.192444 0.006531
116.171448 -0.010315
116.348022 0.128113
116.417908 0.172668
116.580017 0.285645
116.702026 0.358582
116.630249 0.274658
116.624695 0.248962
116.677185 0.270508
116.761353 0.315063
116.813416 0.331116
116.920288 0.388672
116.957153 0.387146
116.993225 0.385132
117.104614 0.442200
117.185120 0.470581
117.298462 0.522461
117.379211 0.544800
117.426025 0.538818
117.498657 0.553528
117.387878 0.423584
117.545227 0.513611
117.263184 0.252808
117.339355 0.292603
117.525879 0.415466
117.386963 0.274719
117.451416 0.303589
117.402283 0.241638
117.444885 0.256042
117.626892 0.378052
117.694580 0.401367
117.520142 0.234070
117.477234 0.182373
117.628540 0.286133
117.651062 0.281433
117.869507 0.429932
118.085327 0.564941
118.087891 0.522766
118.360168 0.694885
118.357239 0.638306
118.246277 0.501648
118.182007 0.412170
118.020325 0.253418
118.310364 0.460510
118.531311 0.597351
118.433105 0.473816
118.441345 0.443176
118.501953 0.455933
118.407349 0.346497
118.298706 0.234741
118.405212 0.299561
118.515869 0.362549
118.582092 0.385986
118.694092 0.443237
118.916565 0.582214
118.902283 0.525696
118.915039 0.494690
119.044006 0.556702
119.138306 0.586853
119.070862 0.488464
119.076050 0.454407
119.138062 0.467407
118.998779 0.321960
119.214417 0.465515
119.384583 0.562256
119.327576 0.473755
119.291687 0.408630
119.344482 0.417969
119.252869 0.313660
119.346069 0.362061
119.385742 0.364746
119.257385 0.235840
119.337646 0.280090
119.284363 0.216736
119.504822 0.371765
119.511963 0.348389
119.577271 0.372192
119.769653 0.493225
119.852356 0.519287
119.705688 0.364441
119.697449 0.329651
119.720642 0.322083
119.802551 0.360901
119.874084 0.388550
119.828491 0.322632
119.741943 0.229736
119.800598 0.257690
119.788940 0.228455
120.065063 0.426575
120.021179 0.358948
120.177734 0.453369
120.013489 0.289490
119.919861 0.193604
119.893250 0.157654
120.109619 0.314575
120.330811 0.463013
120.248413 0.362549
120.217468 0.310181
120.164673 0.244812
120.045105 0.132446
120.222473 0.260498
120.338623 0.330811
120.422974 0.370850
120.366638 0.297974
120.654785 0.499451
120.642456 0.450928
120.718445 0.475037
120.567810 0.320496
120.518494 0.256958
120.542847 0.255920
120.566895 0.254761
120.608704 0.267517
120.661316 0.287720
120.564331 0.189392
120.613586 0.213135
120.660461 0.233093
120.714600 0.257263
120.686584 0.215271
120.527161 0.073792
120.414978 -0.019714
120.251587 -0.145813
120.489807 0.051270
120.664246 0.183350
120.817444 0.288574
120.863403 0.301941
120.660767 0.120422
120.598389 0.062439
120.682617 0.123291
120.767334 0.179810
120.805908 0.195923
120.960754 0.301453
121.065308 0.359558
121.166321 0.410400
121.182434 0.390930
121.359741 0.499084
121.309875 0.421082
121.202576 0.304260
121.180481 0.263245
121.207947 0.264160
121.309143 0.322693
121.230896 0.236267
121.174744 0.173889
121.024292 0.042603
121.226440 0.197449
121.252075 0.202026
121.340271 0.255066
121.552307 0.400574
121.652771 0.447693
121.440674 0.247437
121.367676 0.171265
121.526428 0.281738
121.539856 0.270264
121.659119 0.342224
121.663208 0.318726
121.642090 0.277405
121.546387 0.181152
121.689453 0.278748
121.888672 0.412842
121.723450 0.251343
121.677185 0.195496
121.616516 0.132751
121.506836 0.036560
121.383667 -0.062622
121.213806 -0.190613
121.053711 -0.300903
121.112183 -0.231689
121.021545 -0.284485
120.783020 -0.448853
121.016785 -0.231262
121.114929 -0.136719
121.338501 0.048279
121.429321 0.115356
121.269775 -0.018005
121.010559 -0.218750
120.968750 -0.234314
120.994690 -0.195862
121.164307 -0.048401
121.178101 -0.033875
121.284180 0.051453
121.098206 -0.097595
121.174316 -0.030579
121.220947 0.008301
121.027710 -0.143433
121.170288 -0.020752
121.127563 -0.052612
121.050110 -0.109070
120.895569 -0.221436
120.951843 -0.160156
120.728088 -0.322693
120.696777 -0.322021
120.670593 -0.317383
120.432129 -0.479126
120.574280 -0.330750
120.456299 -0.397034
120.420044 -0.394409
120.180847 -0.550232
120.371521 -0.358643
120.153320 -0.500854
120.219482 -0.410217
120.126892 -0.450439
120.118774 -0.421692
120.299316 -0.248047
120.449951 -0.111267
120.359680 -0.172974
120.553101 -0.008423
120.731506 0.131775
120.685364 0.085449
120.846863 0.205139
120.682129 0.060242
120.685242 0.057983
120.765991 0.116638
120.695679 0.052490
120.811035 0.138672
120.932617 0.222961
121.017883 0.272217
121.136230 0.343567
121.115356 0.300476
121.160828 0.312500
121.263550 0.368286
121.246155 0.326050
121.236145 0.292847
121.011292 0.094666
121.032532 0.103882
120.904663 -0.003967
120.758240 -0.117859
120.747925 -0.116699
120.661987 -0.174622
120.816711 -0.040344
120.961792 0.076111
120.809875 -0.048645
120.841553 -0.020081
120.826965 -0.029968
120.932068 0.054565
121.155457 0.225098
121.256287 0.286377
121.261902 0.268372
121.520752 0.449890
121.402405 0.322144
121.642883 0.485107
121.653992 0.455933
121.725708 0.476379
121.699524 0.418823
121.915161 0.554321
121.833008 0.447083
121.912109 0.473877
121.982727 0.492004
121.788635 0.302307
121.709167 0.216797
121.718018 0.206787
121.688538 0.167725
121.672119 0.141846
121.713196 0.162842
121.858582 0.263733
121.936951 0.304443
122.129578 0.431396
122.069946 0.351013
122.083557 0.334229
122.398560 0.554504
122.403687 0.515137
122.275208 0.374390
122.083557 0.195190
122.240967 0.303101
122.165527 0.220398
122.147217 0.188843
122.169189 0.191223
122.332275 0.303528
122.403564 0.335510
122.708374 0.547119
122.706604 0.503113
122.750916 0.498474
122.800720 0.498474
122.738953 0.411499
122.649475 0.309631
122.678223 0.307922
122.804504 0.382385
122.789856 0.341187
122.840942 0.354492
122.991455 0.444580
123.156311 0.538818
123.184021 0.518372
123.323792 0.587158
123.182678 0.430908
123.269775 0.465393
123.353821 0.494751
123.147644 0.294800
123.091431 0.227783
123.313904 0.384033
123.202881 0.267151
123.076904 0.147949
123.281189 0.295715
123.421570 0.382141
123.442017 0.368347
123.411621 0.315918
123.312988 0.214417
123.322021 0.204712
123.438965 0.279968
123.353271 0.191345
123.454407 0.255310
123.301514 0.116150
123.297363 0.103882
123.295227 0.094116
123.239807 0.043396
123.286560 0.076538
123.404968 0.163208
123.519592 0.240112
123.761902 0.410889
123.740967 0.362427
123.843323 0.414185
123.846741 0.384460
123.981262 0.459656
124.158325 0.562256
124.160034 0.519653
123.980469 0.338806
123.928589 0.271973
123.973206 0.285583
124.005310 0.288391
124.050476 0.301147
124.077759 0.298950
124.053040 0.256409
123.920715 0.133240
123.990112 0.177002
124.158264 0.294373
124.219055 0.318787
124.207520 0.284973
124.249207 0.295288
124.142090 0.188416
124.007385 0.068359
123.936584 0.007629
123.983215 0.043518
123.980347 0.037903
124.109497 0.135986
124.020813 0.056030
123.932983 -0.017029
124.135437 0.142639
124.093689 0.098877
124.152893 0.137512
124.165283 0.136475
124.011963 0.006287
124.148926 0.112610
124.185852 0.132690
124.338562 0.241455
124.201660 0.115906
124.088318 0.018494
123.951660 -0.089539
123.864380 -0.150635
123.611389 -0.336243
123.659973 -0.272156
123.504272 -0.372437
123.557251 -0.302002
123.347412 -0.442566
123.257324 -0.478455
123.443909 -0.295105
123.414307 -0.295166
123.349426 -0.322876
123.518066 -0.165710
123.585632 -0.099915
123.684937 -0.014465
123.670105 -0.024963
123.894226 0.152283
123.755676 0.031982
123.897217 0.140076
123.812073 0.062744
123.582031 -0.121521
123.605896 -0.093445
123.580261 -0.106140
123.417603 -0.224792
123.356018 -0.255310
123.380371 -0.216431
123.452881 -0.143005
123.168213 -0.353882
123.294617 -0.227722
123.320007 -0.190186
123.242493 -0.235901
123.458130 -0.048767
123.483398 -0.025208
123.669983 0.122681
123.719849 0.152161
123.689758 0.116760
123.652893 0.078796
123.719421 0.124695
123.664490 0.072021
123.576416 -0.002441
123.643311 0.050049
123.645203 0.047668
123.622498 0.026184
123.713135 0.094849
123.687805 0.067688
123.661072 0.041626
123.544556 -0.052429
123.609924 0.002625
123.640076 0.025940
123.732727 0.096191
123.612183 -0.005310
123.505859 -0.087891
123.541443 -0.053345
123.505615 -0.077148
123.395325 -0.157288
123.470825 -0.085938
123.199585 -0.291443
123.248962 -0.230042
123.075745 -0.347595
123.224487 -0.204041
123.029053 -0.341003
123.235168 -0.153137
123.294800 -0.094543
123.351379 -0.042908
123.434998 0.025879
123.524292 0.093750
123.418823 0.004089
123.397827 -0.012573
123.572693 0.124756
123.449585 0.019043
123.468079 0.031982
123.864868 0.338989
123.756226 0.227844
123.855774 0.287720
123.748840 0.181946
123.780029 0.192078
123.801392 0.193787
123.824402 0.196655
123.799927 0.162170
123.953674 0.269775
123.738098 0.080078
123.734253 0.070801
123.665649 0.011658
123.508362 -0.112305
123.460327 -0.141113
123.516174 -0.086426
123.489929 -0.100220
123.729187 0.094788
123.566345 -0.040039
123.685364 0.056152
123.732788 0.088867
123.691772 0.049988
123.606934 -0.020020
123.623230 -0.005798
123.642212 0.009460
123.543640 -0.068115
123.549316 -0.058411
123.533325 -0.066345
123.738586 0.098877
123.761108 0.108765
123.762878 0.101685
123.747375 0.081726
123.721985 0.055542
123.841492 0.144714
123.707581 0.028625
123.697510 0.018555
123.750000 0.058167
123.566528 -0.089844
123.887268 0.168091
123.752930 0.049866
123.677795 -0.012756
123.690735 -0.001709
123.681946 -0.008484
123.550049 -0.111023
123.506531 -0.136414
123.294006 -0.291504
123.208252 -0.335693
123.299500 -0.238403
123.338501 -0.189453
123.394836 -0.130798
123.305786 -0.190063
123.069946 -0.359192
123.159058 -0.261719
123.198242 -0.210815
123.126770 -0.250122
122.995361 -0.333130
122.994995 -0.307434
123.157166 -0.156555
122.935181 -0.317993
122.596252 -0.558289
122.374268 -0.688293
122.296631 -0.695251
121.997559 -0.874878
121.947937 -0.845276
121.930176 -0.793091
121.994812 -0.680542
121.993469 -0.628418
121.967590 -0.599548
121.650391 -0.800476
121.734009 -0.672852
121.713501 -0.636414
121.689270 -0.605713
121.466553 -0.732178
121.424255 -0.708130
121.325989 -0.729614
121.194153 -0.775513
121.292847 -0.638123
121.298950 -0.583618
121.648132 -0.265869
121.653381 -0.241089
121.767151 -0.133423
121.595947 -0.256958
121.572021 -0.255615
121.656738 -0.169373
121.630798 -0.176392
121.693359 -0.113708
121.798279 -0.022766
121.829041 0.003052
122.107849 0.220947
122.134033 0.224182
122.164124 0.230164
122.243896 0.274597
122.215027 0.230652
122.109375 0.130310
121.993530 0.029846
121.992554 0.026855
122.076599 0.090332
122.132263 0.126770
122.052612 0.054810
122.143433 0.121399
122.088135 0.068848
122.037048 0.023682
121.930725 -0.061035
121.890564 -0.087646
121.952576 -0.032410
121.873413 -0.091797
121.765503 -0.169067
121.540527 -0.331909
121.488953 -0.346313
121.470703 -0.333496
121.388794 -0.371521
121.409180 -0.326538
121.400696 -0.307678
121.434387 -0.257324
121.455933 -0.220398
121.363342 -0.275574
121.400696 -0.224915
121.482239 -0.143799
121.646912 -0.004211
121.743652 0.071533
121.725708 0.051941
121.796509 0.103149
121.984314 0.241638
122.028748 0.257446
122.011841 0.224182
122.066284 0.249146
122.220398 0.349915
122.262085 0.355164
122.230042 0.302429
122.300781 0.334167
122.072144 0.129211
121.844421 -0.059021
121.783386 -0.102173
121.685791 -0.170532
121.583069 -0.237549
121.642029 -0.172852
121.388733 -0.357483
121.310547 -0.390747
121.280945 -0.383362
121.104309 -0.491577
121.314392 -0.289124
121.219055 -0.340942
121.180115 -0.344727
121.222961 -0.284485
121.240967 -0.248352
121.058411 -0.371399
121.117249 -0.296570
121.101929 -0.285461
121.242920 -0.153259
121.140320 -0.221313
120.986877 -0.323730
120.817932 -0.430237
120.694458 -0.493103
120.561646 -0.558472
120.657837 -0.439575
120.561890 -0.480225
120.567261 -0.438477
120.703918 -0.297302
120.427246 -0.490540
120.565491 -0.344055
120.527161 -0.347168
120.496765 -0.343811
120.347656 -0.433533
120.277405 -0.454590
120.381653 -0.337708
120.623169 -0.122986
120.618958 -0.116699
120.654419 -0.079956
120.542786 -0.160828
120.433350 -0.233643
120.367432 -0.266846
120.350464 -0.259277
120.161377 -0.386536
120.146851 -0.367737
120.177368 -0.315247
120.239014 -0.242615
120.297424 -0.178101
120.304077 -0.158997
120.286377 -0.160400
120.208374 -0.208923
120.031006 -0.331360
120.073364 -0.272339
120.026978 -0.287354
120.175598 -0.148682
120.252625 -0.076843
120.301086 -0.032959
120.301758 -0.029907
120.259521 -0.060669
120.223206 -0.084351
120.219971 -0.080322
120.074951 -0.187134
120.252075 -0.034424
120.320190 0.021362
120.279724 -0.011841
120.301636 0.006165
120.294495 0.000122
120.351013 0.044189
120.456848 0.123291
120.446350 0.105530
120.251709 -0.054443
120.334534 0.014465
120.422791 0.082397
120.575073 0.195129
120.585571 0.188110
120.621887 0.201782
120.596130 0.165894
120.532776 0.103394
120.510132 0.077637
120.436218 0.013733
120.364929 -0.043091
120.431763 0.012512
120.406128 -0.008484
120.478943 0.049011
120.594666 0.135437
120.614258 0.140198
120.594238 0.113647
120.397400 -0.048706
120.484253 0.022766
120.504333 0.036682
120.627136 0.129639
120.601013 0.099182
120.452148 -0.024597
120.468384 -0.010010
120.496521 0.012695
120.544067 0.048889
120.451233 -0.027588
120.550171 0.051941
120.522949 0.026611
120.547302 0.043579
120.490417 -0.004333
120.452515 -0.033630
120.647827 0.121765
120.555054 0.039673
120.460938 -0.036987
120.404358 -0.078369
120.261169 -0.184265
120.114685 -0.284302
120.094055 -0.278259
119.932678 -0.382446
119.836548 -0.427612
120.023010 -0.248901
119.932190 -0.300354
119.743896 -0.423828
119.787415 -0.356873
119.803345 -0.316650
119.880554 -0.231750
119.773010 -0.297546
119.797058 -0.255615
119.526855 -0.446716
119.388916 -0.519714
119.421936 -0.453247
119.491272 -0.363586
119.395996 -0.409729
119.419495 -0.359314
119.407471 -0.340698
119.510559 -0.233459
119.713745 -0.056274
119.928467 0.116089
119.851135 0.046509
119.783997 -0.009644
119.793945 -0.001160
119.838562 0.033691
119.781494 -0.013428
119.876160 0.061401
119.934448 0.102112
119.976624 0.127014
119.871826 0.035339
120.015320 0.144531
119.730103 -0.089172
119.837524 0.001587
119.875366 0.031006
119.779419 -0.046204
119.864014 0.023438
119.792175 -0.034546
119.722290 -0.086548
119.699219 -0.097839
119.910583 0.075134
119.853088 0.024292
119.774597 -0.038940
119.511230 -0.242004
119.398438 -0.311340
119.194397 -0.446655
119.204895 -0.403564
119.172485 -0.397400
119.033630 -0.474854
119.037415 -0.434937
118.905579 -0.503845
118.877808 -0.486206
118.683716 -0.599670
118.606018 -0.613525
118.655029 -0.527527
118.571594 -0.551453
118.533569 -0.538086
118.571655 -0.466431
118.660095 -0.361084
118.473877 -0.478149
118.472412 -0.442017
118.570435 -0.330750
118.536865 -0.331177
118.464844 -0.361633
118.495239 -0.309570
118.542175 -0.248657
118.586914 -0.194214
118.323120 -0.385376
118.217468 -0.437866
118.332153 -0.313904
118.100586 -0.470520
118.107300 -0.428467
117.990234 -0.486511
117.790527 -0.604370
117.744812 -0.592957
117.697632 -0.583557
117.940063 -0.349060
117.877625 -0.370605
118.051331 -0.206238
118.071594 -0.174377
117.962341 -0.245972
118.022888 -0.179626
118.004578 -0.179932
117.998291 -0.170898
118.058044 -0.110962
118.022461 -0.130127
118.022339 -0.120056
118.132385 -0.024597
118.101196 -0.047119
118.047119 -0.085754
117.993103 -0.121338
117.948547 -0.146729
117.764038 -0.279602
117.929810 -0.128113
117.910645 -0.133118
117.887390 -0.140869
117.930664 -0.096130
117.965881 -0.061218
118.064270 0.020264
118.132080 0.071533
118.248230 0.156555
118.435852 0.290649
118.530518 0.341797
118.519409 0.306519
118.401001 0.190308
118.588074 0.321411
118.572388 0.284119
118.601135 0.284363
118.472900 0.162048
118.619934 0.264404
118.713318 0.316772
118.571777 0.181335
118.615356 0.201233
118.564209 0.145508
118.892822 0.391235
118.748962 0.248108
118.576965 0.094177
118.429321 -0.028625
118.547729 0.066162
118.490723 0.016418
118.409729 -0.048096
118.446655 -0.015564
118.292664 -0.134460
118.410889 -0.031799
118.611511 0.127136
118.620728 0.124451
118.692871 0.171021
118.812866 0.251282
118.953125 0.341064
119.005737 0.355530
118.947083 0.282104
118.996765 0.298889
118.886780 0.189697
118.919250 0.200256
118.782532 0.077637
118.767273 0.059631
118.499146 -0.154785
118.658508 -0.018066
118.639648 -0.031433
118.785522 0.085083
118.817932 0.103821
118.909363 0.167236
118.733276 0.016479
118.762756 0.038330
118.907532 0.148438
118.962463 0.179688
118.969238 0.170959
118.898010 0.102112
118.774048 -0.002502
118.826843 0.038879
118.568848 -0.165344
118.406189 -0.279358
118.116455 -0.483582
118.052673 -0.495605
118.171814 -0.364136
118.298035 -0.237305
118.310974 -0.208679
118.312439 -0.191284
118.087280 -0.352478
118.114197 -0.303894
118.097961 -0.292847
118.089172 -0.276855
118.200256 -0.168335
118.149292 -0.195068
118.119019 -0.203491
117.922363 -0.341431
117.935608 -0.304382
117.754700 -0.422119
117.736755 -0.403198
117.626953 -0.457397
117.667725 -0.389954
117.712402 -0.324768
117.942261 -0.120239
117.955933 -0.100220
117.713745 -0.281311
117.627625 -0.326599
117.661621 -0.274658
117.590393 -0.308838
117.347351 -0.474304
117.569885 -0.263794
117.723999 -0.122864
117.843567 -0.019775
117.793091 -0.057739
117.845032 -0.012634
117.806946 -0.041504
117.900513 0.034912
117.833374 -0.020325
118.028320 0.133728
117.876587 0.004578
118.036987 0.129700
117.955811 0.056091
117.825867 -0.049927
117.793030 -0.071716
117.813721 -0.050049
117.907654 0.027039
117.876648 0.000732
117.784119 -0.071472
117.806641 -0.048340
118.015869 0.118591
118.052490 0.137878
118.034119 0.112854
117.957520 0.044373
117.961792 0.044250
117.958435 0.038208
117.786377 -0.099121
117.544250 -0.280823
117.466553 -0.319702
117.351440 -0.384766
117.229919 -0.449768
117.168518 -0.462646
117.434448 -0.218445
117.390991 -0.235413
117.339844 -0.257019
117.146362 -0.388306
116.917480 -0.536987
116.840271 -0.555420
116.973389 -0.408142
116.977234 -0.373352
116.972046 -0.348328
116.999023 -0.300171
116.875549 -0.373108
116.912903 -0.314880
116.742920 -0.422913
116.850708 -0.305908
116.849548 -0.282959
116.617310 -0.442017
116.527527 -0.477600
116.420471 -0.523865
116.644653 -0.307922
116.678955 -0.257019
116.508057 -0.370667
116.644287 -0.235107
116.589355 -0.259705
116.479553 -0.325256
116.756714 -0.083069
116.759277 -0.074585
116.711426 -0.106140
116.633850 -0.158569
116.526001 -0.230530
116.504395 -0.229431
116.776184 0.000671
116.819885 0.034729
116.795898 0.013367
116.544983 -0.183289
116.433105 -0.256287
116.510315 -0.176086
116.512573 -0.160645
116.622498 -0.062439
116.638855 -0.044861
116.501953 -0.148132
116.498840 -0.139099
116.375916 -0.224182
116.500549 -0.109375
116.500122 -0.101196
116.356628 -0.205566
116.217163 -0.298645
116.244812 -0.253662
116.192322 -0.274902
116.229004 -0.224731
115.890381 -0.472107
115.941956 -0.394836
115.830261 -0.451355
116.066650 -0.231140
116.288513 -0.039551
116.298950 -0.028320
116.447021 0.089355
116.570496 0.178711
116.460999 0.079407
116.639954 0.212769
116.496155 0.084045
116.337280 -0.046387
116.291077 -0.078857
116.097656 -0.223572
115.977173 -0.300110
116.058533 -0.213257
115.982727 -0.255737
115.711182 -0.447876
115.689514 -0.429810
115.598511 -0.467407
115.717651 -0.337646
115.839417 -0.216003
115.956238 -0.107788
115.985046 -0.076904
116.004150 -0.055969
115.850952 -0.171448
115.895447 -0.123230
116.056213 0.012085
115.932190 -0.085815
116.073181 0.030945
115.926147 -0.086121
115.772461 -0.199280
115.784058 -0.174744
115.871155 -0.093201
115.904297 -0.060120
115.737061 -0.185852
115.794556 -0.126587
115.730896 -0.166382
115.578064 -0.272644
115.514282 -0.301147
115.455139 -0.323792
115.522095 -0.246277
115.566650 -0.192200
115.368286 -0.332397
115.394897 -0.285645
115.334290 -0.310730
115.491760 -0.163269
115.475464 -0.163269
115.401367 -0.208496
115.489014 -0.123657
115.349915 -0.222839
115.260620 -0.275269
115.008545 -0.450989
115.137939 -0.314758
115.229126 -0.219116
115.192993 -0.230286
114.982544 -0.376465
115.046753 -0.297058
114.959778 -0.341736
114.916626 -0.348816
115.097290 -0.180725
114.949524 -0.281921
115.023193 -0.202515
115.038879 -0.174561
114.993286 -0.196533
114.910339 -0.246033
114.825134 -0.293396
114.728882 -0.345764
114.602905 -0.417236
114.624451 -0.367737
114.425110 -0.494934
114.498352 -0.398987
114.513306 -0.356079
114.538879 -0.308228
114.553345 -0.272827
114.435852 -0.343445
114.095886 -0.582581
114.089600 -0.542053
113.983704 -0.582397
113.912109 -0.592896
113.795959 -0.637268
113.826416 -0.563843
113.842529 -0.507324
113.665833 -0.605591
113.821777 -0.436829
114.047791 -0.226562
114.029358 -0.223267
113.839783 -0.353760
113.771240 -0.379639
113.707153 -0.400085
113.686584 -0.384949
113.662231 -0.373962
113.534119 -0.444946
113.746521 -0.244019
113.588318 -0.348755
113.650330 -0.272949
113.669006 -0.237000
113.798706 -0.117004
113.765686 -0.133728
113.672791 -0.195923
113.609680 -0.229980
113.621582 -0.202759
113.458374 -0.314209
113.414368 -0.324036
113.279419 -0.404053
113.245361 -0.399170
113.302795 -0.323303
113.334656 -0.273315
113.144897 -0.400024
113.211365 -0.317017
113.358704 -0.177368
113.387451 -0.141174
113.379150 -0.136658
113.400330 -0.109497
113.346619 -0.143005
113.320496 -0.152283
113.419922 -0.062622
113.669250 0.137268
113.488037 -0.015198
113.424316 -0.063904
113.410156 -0.070007
113.317749 -0.136841
113.460327 -0.014587
113.174683 -0.236938
113.122742 -0.259033
113.188904 -0.187134
113.047974 -0.282471
112.868408 -0.400513
112.896912 -0.347046
112.956726 -0.273376
112.946594 -0.260010
112.797607 -0.355957
112.822021 -0.309143
112.720337 -0.364319
112.730225 -0.328247
112.853149 -0.206848
112.476685 -0.484375
112.501648 -0.427124
112.326172 -0.531006
112.625427 -0.255432
112.556030 -0.289795
112.589661 -0.240906
112.516296 -0.279480
112.387146 -0.358704
112.246704 -0.440552
112.436462 -0.257690
112.507568 -0.181946
112.604675 -0.091736
112.451172 -0.204651
112.327332 -0.285400
112.263794 -0.312744
112.243835 -0.303955
112.092773 -0.398132
112.123169 -0.343384
112.082153 -0.348572
112.228394 -0.207397
112.262024 -0.165039
112.336426 -0.094177
112.449585 0.001404
112.335754 -0.087463
112.353333 -0.066956
112.422241 -0.007935
112.354858 -0.060059
112.317017 -0.084961
112.132019 -0.223083
112.077881 -0.247986
111.925720 -0.347656
112.011902 -0.253052
112.087341 -0.174255
112.084106 -0.163208
112.200745 -0.059204
112.018005 -0.197571
112.157898 -0.072693
112.200256 -0.033936
112.133545 -0.083313
112.037964 -0.151367
112.012695 -0.159302
112.061829 -0.108582
111.960754 -0.179016
111.871399 -0.234741
111.814819 -0.260620
111.920837 -0.157654
111.763672 -0.267944
111.685425 -0.308105
111.815063 -0.183044
111.786194 -0.191345
111.885986 -0.098328
111.756470 -0.191956
111.750244 -0.181824
111.879578 -0.066467
111.720337 -0.185852
111.697144 -0.189453
111.684509 -0.184570
111.549927 -0.275452
111.488892 -0.301636
111.527771 -0.247620
111.513489 -0.239502
111.603943 -0.150208
111.676880 -0.081604
111.483948 -0.225708
111.482605 -0.209167
111.482483 -0.192993
111.565369 -0.113342
111.583679 -0.090271
111.527405 -0.127136
111.514465 -0.127319
111.581726 -0.065002
111.463989 -0.151794
111.500122 -0.111816
111.617676 -0.011292
111.535828 -0.074463
111.543030 -0.063049
111.521484 -0.074951
111.287109 -0.252502
111.363892 -0.172729
111.436340 -0.102600
111.362793 -0.152100
111.186584 -0.278076
111.117615 -0.310303
111.185547 -0.232910
111.391846 -0.053345
111.556030 0.079041
111.412537 -0.039001
111.543762 0.066345
111.464417 -0.000671
111.428711 -0.028442
111.436340 -0.020325
111.537170 0.059875
111.608521 0.110901
111.544678 0.052490
111.493652 0.008667
111.501831 0.014343
111.503296 0.014404
111.556274 0.054688
111.306274 -0.145142
111.245361 -0.181458
111.037109 -0.330200
110.981506 -0.347900
110.884949 -0.396240
110.795288 -0.435364
110.639282 -0.523376
110.461487 -0.621521
110.317139 -0.685791
110.417297 -0.553833
110.454834 -0.481201
110.450623 -0.446960
110.616089 -0.283081
110.491760 -0.358032
110.636047 -0.217590
110.732483 -0.125427
110.465881 -0.323547
110.462708 -0.300842
110.406372 -0.321350
110.097412 -0.537292
110.030457 -0.547607
110.199646 -0.373047
110.457764 -0.142639
110.511780 -0.089355
110.477966 -0.108826
110.427612 -0.139709
110.600098 0.006104
110.728210 0.105896
110.513245 -0.070496
110.269958 -0.255310
110.083374 -0.381287
110.243713 -0.226074
110.171143 -0.265137
110.034241 -0.351501
109.794678 -0.511414
109.666199 -0.571838
109.592468 -0.584778
109.606323 -0.528442
109.506470 -0.565125
109.410400 -0.596008
109.450806 -0.518005
109.761353 -0.235474
109.858459 -0.141418
109.933228 -0.072144
109.780151 -0.185913
109.494812 -0.393982
109.523010 -0.341309
109.536560 -0.304077
109.674377 -0.172485
110.058899 0.141785
110.025757 0.104797
110.125793 0.174866
110.011597 0.071899
109.750305 -0.138062
109.595154 -0.248657
109.624573 -0.206177
109.673584 -0.151733
109.458313 -0.308289
109.396667 -0.332397
109.182434 -0.473755
109.232056 -0.398132
109.316833 -0.301025
109.205566 -0.364319
109.018860 -0.481567
109.017151 -0.445374
108.968140 -0.448853
108.877197 -0.484802
108.779907 -0.522888
108.674011 -0.564697
108.722778 -0.482666
108.715454 -0.450745
108.522095 -0.566528
108.295837 -0.699219
108.248352 -0.681702
108.238708 -0.635925
108.116699 -0.681641
107.955017 -0.754822
107.956787 -0.694397
107.923401 -0.666260
107.964417 -0.582092
107.922241 -0.569580
107.863098 -0.571350
107.864868 -0.525330
107.969177 -0.402893
107.827759 -0.481812
107.788330 -0.474976
107.686707 -0.517151
107.689270 -0.474792
107.562439 -0.536743
107.592468 -0.471497
107.684631 -0.362915
107.542725 -0.445312
107.360657 -0.552612
107.228699 -0.612427
107.107483 -0.659180
107.186218 -0.546265
107.045471 -0.613708
107.054321 -0.558777
107.155701 -0.435791
107.241699 -0.334473
107.270508 -0.285828
107.317200 -0.226929
107.345947 -0.186768
107.380432 -0.145203
107.398010 -0.120178
107.640381 0.078796
107.707642 0.125244
107.917053 0.279053
107.752930 0.129333
107.657166 0.044617
107.452393 -0.118530
107.336792 -0.199402
107.492737 -0.062256
107.428223 -0.107727
107.539001 -0.012939
107.237671 -0.246948
106.928162 -0.469116
106.732117 -0.585449
106.559753 -0.674316
106.515625 -0.656128
106.480408 -0.632446
106.354858 -0.681213
106.238464 -0.719055
106.130554 -0.747253
105.984924 -0.802734
105.833130 -0.858765
105.944763 -0.704346
105.719604 -0.825439
105.855530 -0.654541
105.721680 -0.708008
105.566223 -0.774231
105.584656 -0.699402
105.673096 -0.575928
105.704163 -0.506836
105.665588 -0.497375
105.642761 -0.476440
105.315063 -0.694885
105.233276 -0.704529
105.134949 -0.726257
105.306152 -0.536133
105.247559 -0.540039
105.256042 -0.491333
105.225952 -0.476562
105.074524 -0.557617
104.967468 -0.597717
105.058472 -0.479797
104.868958 -0.590576
104.754639 -0.633789
104.595642 -0.708618
104.491943 -0.734375
104.440125 -0.717529
104.330627 -0.747070
104.272766 -0.733948
104.370605 -0.600037
104.250244 -0.647339
104.151001 -0.674316
104.028076 -0.717590
104.023071 -0.665527
104.157532 -0.508789
104.278076 -0.375122
104.082703 -0.498291
104.195557 -0.371460
103.926941 -0.552002
103.930481 -0.506226
103.789307 -0.576904
103.683960 -0.614075
103.607300 -0.626038
103.648254 -0.545227
103.732544 -0.436646
103.790833 -0.356934
103.678894 -0.416565
103.540405 -0.492310
103.415466 -0.551575
103.350281 -0.559448
103.271301 -0.577515
103.091370 -0.673157
103.117432 -0.600159
103.354248 -0.367981
103.257568 -0.414856
103.208191 -0.421021
103.252441 -0.353699
103.201172 -0.366150
103.289246 -0.268982
103.225708 -0.297607
103.424744 -0.119202
103.442627 -0.095947
103.296265 -0.202637
103.248047 -0.224487
103.192749 -0.250122
103.319641 -0.131714
103.154602 -0.250183
103.076599 -0.291626
103.081665 -0.264893
103.163269 -0.180420
103.087402 -0.225708
102.909180 -0.347534
102.889221 -0.335999
102.921570 -0.284424
102.913452 -0.268616
103.057007 -0.135376
103.179565 -0.028931
103.169922 -0.034241
103.212402 0.001648
103.076477 -0.104614
103.022461 -0.138611
103.106384 -0.062378
103.010498 -0.132324
102.928833 -0.185730
103.132324 -0.012573
103.252563 0.082153
103.176514 0.016479
103.168762 0.009216
102.875183 -0.220459
102.796326 -0.264771
102.713928 -0.308411
102.693970 -0.299927
102.683411 -0.284729
102.454895 -0.441223
102.573120 -0.314270
102.674255 -0.210632
102.783325 -0.108826
102.657227 -0.198975
102.586304 -0.238892
102.406616 -0.360779
102.519409 -0.244385
102.712158 -0.074463
102.675537 -0.097351
102.920776 0.101746
102.967529 0.130310
103.023926 0.164124
102.847595 0.013855
102.883606 0.040894
102.717590 -0.091736
102.849548 0.018311
102.927429 0.077698
103.037537 0.157532
102.803406 -0.037354
102.776184 -0.055664
102.768677 -0.057190
102.699463 -0.106812
102.499451 -0.254944
102.163879 -0.497498
102.274780 -0.371887
102.276489 -0.341492
102.225952 -0.354309
102.348816 -0.230530
102.322876 -0.232788
102.181396 -0.325256
101.996155 -0.444763
101.938049 -0.455444
102.273010 -0.157776
102.378113 -0.063416
102.465576 0.009705
102.484497 0.023743
102.538757 0.064270
102.693481 0.179932
102.666199 0.144653
102.703674 0.162659
102.616516 0.082031
102.750305 0.179993
102.735779 0.154663
102.803467 0.195374
102.663757 0.071167
102.698975 0.093140
102.521667 -0.052795
102.495728 -0.068970
102.632019 0.042969
102.460205 -0.094788
102.463257 -0.084961
102.483459 -0.062561
102.513245 -0.034424
102.474548 -0.062012
102.669067 0.094971
102.479614 -0.060608
102.620972 0.054688
102.786011 0.179321
102.907898 0.260437
102.636353 0.028381
102.531555 -0.055542
102.642517 0.035278
102.403259 -0.154053
102.332153 -0.197510
102.393127 -0.134583
102.488831 -0.049500
102.721130 0.135498
102.669678 0.084839
102.620422 0.039856
102.696472 0.096130
102.822510 0.187195
102.898987 0.232422
102.901428 0.216187
102.719788 0.057190
102.646362 -0.004700
102.852966 0.157288
102.882935 0.168457
102.856628 0.134766
102.985168 0.224792
102.907959 0.146851
102.922241 0.146545
102.981140 0.181091
103.017517 0.195374
103.068970 0.220276
103.107300 0.233032
103.036072 0.159363
103.148926 0.234924
103.100647 0.179016
103.258789 0.288391
103.559998 0.500854
103.589417 0.484741
103.513855 0.388062
103.525391 0.366821
103.442078 0.273132
103.519714 0.312500
103.482056 0.258606
103.647278 0.367676
103.690796 0.372925
103.609375 0.280090
103.662354 0.299683
103.529236 0.172180
103.448120 0.095276
103.327515 -0.006531
103.342163 0.005432
103.423767 0.068848
103.418274 0.059204
103.399536 0.040039
103.378235 0.020325
103.331726 -0.017517
103.151489 -0.156738
103.278381 -0.045593
103.322998 -0.007263
103.123779 -0.162109
102.930420 -0.300293
102.923645 -0.282227
102.886108 -0.289551
102.761780 -0.363953
102.584961 -0.473633
102.646973 -0.388123
102.738403 -0.286255
102.783936 -0.228333
102.778320 -0.214844
102.692627 -0.265137
102.774109 -0.180725
102.747192 -0.187622
102.749023 -0.171509
102.768250 -0.143127
102.690002 -0.193176
102.854492 -0.049377
103.073608 0.125549
103.214722 0.225830
103.473694 0.410278
103.476196 0.380249
103.515625 0.381409
103.588501 0.408508
103.732910 0.489258
103.698242 0.424072
103.614136 0.325439
103.692810 0.361389
103.882446 0.481140
103.778015 0.362183
103.814697 0.362549
103.884460 0.388794
103.896423 0.367798
103.782593 0.250000
103.595032 0.083740
103.512085 0.012329
103.489075 -0.006653
103.458862 -0.029785
103.368469 -0.098206
103.265259 -0.171326
103.254211 -0.166626
103.292053 -0.124084
103.313416 -0.097717
103.229065 -0.155884
103.244812 -0.131470
103.358826 -0.032349
103.186768 -0.164062
102.994019 -0.301636
103.217224 -0.104065
103.266724 -0.057373
103.268921 -0.051270
103.121155 -0.162537
103.226990 -0.067322
103.246826 -0.046631
103.074524 -0.177612
103.238098 -0.035828
103.263489 -0.013184
103.150513 -0.100525
103.113647 -0.121521
102.941406 -0.246765
103.054932 -0.138672
103.120239 -0.076721
103.119812 -0.071106
103.269043 0.051208
103.039001 -0.132690
102.959045 -0.184875
102.824890 -0.275208
102.779114 -0.289490
102.845886 -0.214844
102.909790 -0.148315
102.929199 -0.121704
102.956116 -0.091248
103.228821 0.128540
103.484192 0.317688
103.407532 0.233154
103.249573 0.091797
103.443359 0.235779
103.313232 0.115906
103.283203 0.083435
103.143860 -0.032104
102.983521 -0.155029
102.964905 -0.157471
102.895752 -0.199341
102.885864 -0.191528
102.906067 -0.160767
102.833313 -0.205139
102.799866 -0.215271
102.827576 -0.176758
102.944031 -0.071838
102.958435 -0.054993
103.025085 0.001343
103.102966 0.061951
103.124207 0.073669
103.265686 0.178284
103.137451 0.064392
103.164490 0.080444
103.446289 0.293945
103.458557 0.280640
103.139954 0.010315
103.178528 0.039612
103.204956 0.057190
102.970093 -0.130371
103.220947 0.075684
103.187744 0.043823
103.270813 0.105408
103.353333 0.161743
103.334045 0.134033
103.331848 0.121826
103.312378 0.097107
103.513123 0.246582
103.573669 0.274719
103.579041 0.257507
103.531982 0.200562
103.718689 0.330933
103.896240 0.443726
103.960083 0.458923
103.881775 0.362122
103.834839 0.297302
103.615295 0.102966
103.623291 0.101257
103.605591 0.079590
103.500061 -0.008911
103.713013 0.157837
103.773804 0.192993
104.005188 0.358398
104.195557 0.478943
104.253601 0.486877
104.359558 0.531738
104.321411 0.460388
104.587646 0.632690
104.596130 0.589844
104.589050 0.538208
104.525940 0.446777
104.474121 0.371338
104.595154 0.437012
104.647278 0.443604
104.594666 0.367798
104.488403 0.255920
104.534363 0.271851
104.828491 0.480103
104.847290 0.457397
104.898499 0.461670
105.061523 0.552856
104.929871 0.407104
104.922791 0.369873
104.888245 0.314148
105.105530 0.459106
105.368408 0.628296
105.430969 0.628113
105.413330 0.565430
105.293030 0.427368
105.477722 0.538452
105.421936 0.452759
105.423340 0.418457
105.334778 0.316467
105.288025 0.255127
105.408142 0.329163
105.382507 0.283386
105.489441 0.344910
105.450684 0.287659
105.301880 0.148804
105.197021 0.055176
105.240356 0.084717
105.190796 0.039490
105.148987 0.003845
105.327759 0.142944
105.326172 0.130554
105.355896 0.143555
105.416992 0.179993
105.398499 0.151550
105.520325 0.234741
105.357239 0.089294
105.340515 0.069275
105.311951 0.041626
105.305664 0.033508
105.153503 -0.088135
105.278687 0.016663
105.373047 0.089172
105.273499 0.004333
105.357483 0.069702
105.392334 0.091492
105.257996 -0.020691
105.216614 -0.051453
105.379211 0.079773
105.433289 0.115845
105.400696 0.081360
105.359802 0.043091
105.396667 0.068481
105.397217 0.063599
105.377441 0.043274
105.263672 -0.048828
105.454529 0.103760
105.601501 0.210327
105.468323 0.090088
105.560852 0.155212
105.502808 0.097839
105.524292 0.106934
105.548035 0.117126
105.547302 0.107483
105.773865 0.276306
105.758118 0.242432
105.655945 0.143555
105.582336 0.074768
105.716614 0.173950
105.493164 -0.014404
105.430542 -0.062256
105.592163 0.068970
105.605286 0.073853
105.619263 0.079041
105.824097 0.233154
105.818970 0.210999
105.660583 0.071045
105.603210 0.020813
105.467407 -0.086731
105.625671 0.043457
105.600220 0.020264
105.668091 0.071594
105.782410 0.155151
105.713013 0.088928
105.606323 -0.001160
105.606873 -0.000671
105.493835 -0.088745
105.477356 -0.094666
105.579285 -0.007507
105.488525 -0.077942
105.450867 -0.101318
105.367493 -0.158691
105.383057 -0.134155
105.272949 -0.209839
105.060181 -0.359924
105.143616 -0.266541
105.248840 -0.163391
105.266418 -0.136902
105.229797 -0.154846
105.097290 -0.246277
105.220093 -0.131348
105.238342 -0.106934
105.188171 -0.137756
105.301392 -0.038757
105.074646 -0.212585
105.169922 -0.121704
105.066895 -0.192566
104.827820 -0.364014
104.788086 -0.366638
104.890686 -0.258057
104.881836 -0.244873
104.762451 -0.318970
104.776184 -0.283264
104.713196 -0.310425
104.815430 -0.206177
104.927795 -0.102234
104.797424 -0.196228
104.730042 -0.233582
104.790283 -0.168213
104.706665 -0.220520
104.640991 -0.254639
104.594360 -0.271179
104.737000 -0.138367
104.824951 -0.058899
104.808105 -0.067444
104.852478 -0.027588
105.015503 0.101685
104.912964 0.013794
104.752686 -0.112244
104.898682 0.010315
104.939087 0.041016
104.906921 0.012756
105.013367 0.094849
105.088623 0.146118
104.891968 -0.018616
104.959534 0.035583
105.301086 0.299988
105.375610 0.334839
105.477539 0.388428
105.578308 0.436890
105.561951 0.389954
105.644897 0.424377
105.692017 0.428040
105.701233 0.401794
105.632385 0.316528
105.643799 0.300720
105.493347 0.159546
105.438354 0.104187
105.225952 -0.069580
105.105286 -0.158325
105.077454 -0.167725
104.960510 -0.245850
104.925110 -0.254272
104.923279 -0.235901
104.992737 -0.163330
105.101196 -0.066040
105.058899 -0.093872
105.209412 0.030762
105.282715 0.085510
105.321045 0.108765
105.323792 0.102417
105.358276 0.121399
105.461670 0.192810
105.583801 0.273315
105.677673 0.325378
105.631714 0.264038
105.647827 0.256042
105.680603 0.261658
105.502930 0.102234
105.356506 -0.020264
105.282471 -0.076599
105.332520 -0.031555
105.387573 0.013794
105.285400 -0.066956
105.136047 -0.178223
105.236145 -0.086304
105.142395 -0.152710
105.089111 -0.182373
105.065918 -0.186279
105.175598 -0.086243
105.357056 0.061951
105.354614 0.055237
105.417969 0.100342
105.630066 0.258179
105.509949 0.144043
105.653564 0.245178
105.668091 0.237366
105.778381 0.305115
105.713745 0.230774
105.638916 0.154175
105.670593 0.166931
105.870239 0.310059
105.905518 0.313477
105.821960 0.223633
105.731689 0.135559
105.696655 0.097595
106.008118 0.332947
106.010498 0.308838
106.130676 0.378540
106.381226 0.544434
106.199951 0.360657
106.402527 0.490540
106.397461 0.448364
106.325562 0.357361
106.384155 0.375183
106.422180 0.375610
106.576660 0.466797
106.532410 0.395813
106.371033 0.238647
106.406067 0.247437
106.322693 0.162903
106.430481 0.234497
106.360229 0.161194
106.374634 0.159851
106.438477 0.197327
106.471130 0.207458
106.577637 0.274597
106.691467 0.342224
106.604675 0.247559
106.700684 0.303223
106.431396 0.069580
106.619446 0.210876
106.737122 0.286255
106.717224 0.248474
106.845276 0.328979
106.990784 0.416809
106.956543 0.357605
106.925049 0.305176
107.057739 0.384888
106.973511 0.289185
106.979736 0.271545
107.167542 0.397034
107.185242 0.379883
106.950928 0.166870
106.790283 0.028198
106.842834 0.067139
106.975647 0.165833
106.795898 0.012268
106.926636 0.113586
107.030884 0.186279
107.220886 0.320374
107.190369 0.271484
107.151611 0.219971
106.898499 0.005127
107.147705 0.199097
107.016663 0.081360
106.929199 0.006836
106.916382 -0.003723
107.126770 0.160645
107.321838 0.300293
107.267761 0.234802
107.349060 0.279907
107.265259 0.192749
107.082947 0.035583
107.145264 0.081421
106.982666 -0.051880
107.085510 0.032532
107.178650 0.102844
107.198181 0.110107
107.307190 0.186768
107.453186 0.286438
107.319458 0.159424
107.150208 0.014587
106.936462 -0.153748
107.236328 0.092834
107.159851 0.025757
107.247437 0.092224
107.131592 -0.005432
107.247192 0.085083
107.199646 0.041382
107.052124 -0.076843
107.064209 -0.061523
107.010437 -0.098694
107.076416 -0.039551
107.119141 -0.003235
107.266907 0.112244
107.248840 0.089478
107.176880 0.026428
107.118408 -0.021240
107.322266 0.139587
107.325928 0.131592
107.079956 -0.071106
107.054321 -0.085632
107.111023 -0.034607
107.326355 0.136536
107.377808 0.166138
107.168030 -0.010986
107.413025 0.181458
107.320312 0.094727
107.383240 0.136597
107.202209 -0.015686
106.964417 -0.200195
106.923401 -0.216614
106.738159 -0.344238
107.145752 0.000427
107.315613 0.132874
107.359558 0.156799
107.522400 0.271606
107.601929 0.312439
107.683655 0.351868
107.782532 0.401550
107.703796 0.308899
107.535645 0.153687
107.553650 0.155762
107.568604 0.155273
107.553467 0.131287
107.727112 0.256897
107.606445 0.142456
107.516357 0.060913
107.580872 0.106628
107.485352 0.023621
107.576721 0.093262
107.509521 0.033447
107.512756 0.033386
107.761414 0.225342
107.721069 0.176208
107.616699 0.081116
107.663269 0.111145
107.495972 -0.028015
107.396301 -0.103577
107.497131 -0.016907
107.604797 0.068359
107.746765 0.173828
107.641296 0.078064
107.729797 0.141052
107.637207 0.057861
107.535828 -0.025696
107.615234 0.038330
107.429077 -0.110229
107.363647 -0.152832
107.304565 -0.187134
107.098450 -0.333801
107.128601 -0.284180
107.084534 -0.296448
106.834778 -0.468689
106.877625 -0.398560
106.799805 -0.428284
106.938049 -0.286682
106.808899 -0.365295
106.808533 -0.337097
106.906250 -0.234619
106.895874 -0.224426
106.981445 -0.140259
106.778809 -0.287354
106.937134 -0.141479
106.940979 -0.127502
107.047302 -0.034668
107.036865 -0.040161
106.999695 -0.066040
106.851013 -0.176880
106.826477 -0.182251
107.034546 -0.005554
107.194885 0.120300
107.079590 0.020691
106.712219 -0.268250
106.736755 -0.228088
106.740234 -0.207581
106.799805 -0.144714
106.925598 -0.035034
107.079529 0.088074
107.144043 0.131653
107.104065 0.090088
106.898987 -0.077332
106.869324 -0.094482
107.098450 0.091553
107.066101 0.059204
107.020935 0.019409
107.013123 0.011841
107.038696 0.030884
106.813171 -0.147339
106.876282 -0.086670
106.939209 -0.030884
107.133911 0.123291
107.198486 0.164062
107.052002 0.037048
107.164673 0.122192
107.060669 0.031250
106.872620 -0.118286
106.783203 -0.179016
106.859985 -0.104980
107.006958 0.018127
106.989380 0.002991
106.941956 -0.034302
106.887024 -0.074585
106.795532 -0.140320
106.797058 -0.128174
106.475464 -0.369751
106.466370 -0.348022
106.388611 -0.381531
106.557068 -0.220459
106.542603 -0.214600
106.558716 -0.185303
106.481445 -0.231140
106.675476 -0.061829
106.766357 0.013855
106.748230 -0.001343
106.633362 -0.090820
106.563354 -0.138367
106.675293 -0.040283
106.660645 -0.048645
106.798462 0.062927
106.673828 -0.039490
106.722717 0.001770
106.948792 0.178528
106.985474 0.193298
107.013611 0.200256
107.166626 0.304260
106.876282 0.053345
106.793335 -0.015686
106.735107 -0.060059
106.832581 0.020874
106.933899 0.098389
106.883118 0.051147
107.056519 0.182434
107.024048 0.142944
107.174744 0.249329
107.080139 0.156128
107.089233 0.151062
107.012634 0.079590
107.094666 0.137329
106.988892 0.044189
106.981628 0.035095
107.049683 0.085449
107.072937 0.096985
107.198364 0.187561
107.211975 0.183594
107.145203 0.117004
107.118652 0.087158
107.084900 0.053955
107.048828 0.021545
107.033875 0.008179
106.990417 -0.026428
106.846130 -0.137207
106.974426 -0.026184
106.952454 -0.041382
107.049133 0.037292
107.062439 0.044800
106.904358 -0.081970
106.897095 -0.081299
106.928772 -0.050232
106.974670 -0.010498
106.736633 -0.195312
106.805725 -0.126282
106.813110 -0.110718
106.657593 -0.223389
106.626465 -0.230286
106.521851 -0.293945
106.424988 -0.346680
106.424866 -0.319702
106.432739 -0.288574
106.592834 -0.140808
106.576416 -0.142639
106.510010 -0.183472
106.736572 0.008118
106.794495 0.052795
106.625244 -0.083679
106.605591 -0.092529
106.692871 -0.017090
106.764404 0.040161
106.618347 -0.076965
106.723083 0.010681
106.777649 0.052429
106.778809 0.049255
106.886047 0.129089
106.886658 0.119507
106.926392 0.141174
107.074524 0.245667
107.152893 0.287659
107.039246 0.176636
107.149536 0.248840
107.101013 0.191650
107.173340 0.233215
107.205994 0.240540
107.043884 0.094910
107.024841 0.072632
107.059509 0.094116
106.984741 0.028320
107.029663 0.061279
107.081116 0.096741
107.049011 0.064087
107.042480 0.054016
107.189880 0.165161
107.183655 0.147400
107.093262 0.065308
106.915466 -0.078430
106.969299 -0.030396
107.062500 0.044617
107.220886 0.164673
107.219543 0.150818
107.076172 0.027222
106.978821 -0.050781
107.173889 0.105286
107.206238 0.122314
107.384094 0.251526
107.438477 0.274353
107.416992 0.236145
107.367859 0.179321
107.273132 0.091248
107.300354 0.105408
107.285706 0.085693
107.287720 0.080566
107.299744 0.083679
107.295654 0.073975
107.409363 0.157104
107.373230 0.116577
107.421143 0.144958
107.551147 0.235352
107.623535 0.273560
107.658813 0.279724
107.694946 0.286133
107.748413 0.305542
107.661804 0.214172
107.707764 0.233398
107.701294 0.210205
107.577698 0.097473
107.598572 0.106201
107.499756 0.020874
107.395569 -0.062012
107.311951 -0.122437
107.314209 -0.111145
107.354370 -0.071045
107.381897 -0.044006
107.355957 -0.060852
107.395020 -0.025574
107.515747 0.070862
107.332886 -0.077698
107.059082 -0.285828
107.094116 -0.236084
106.954102 -0.327209
106.868347 -0.368774
106.685242 -0.483154
106.756531 -0.389771
106.543701 -0.525391
106.488281 -0.527710
106.535645 -0.449646
106.616211 -0.351807
106.549194 -0.376648
106.537537 -0.356384
106.459351 -0.389587
106.436707 -0.376892
106.537537 -0.268921
106.615417 -0.187256
106.728760 -0.084290
106.697693 -0.101990
106.868225 0.039368
106.913696 0.071838
106.989624 0.125671
107.091919 0.195923
106.961243 0.078430
106.879333 0.008240
106.680115 -0.148193
107.014221 0.124756
106.925842 0.045898
106.926514 0.042847
106.720154 -0.121948
106.762085 -0.079712
106.865601 0.007202
106.823608 -0.026062
106.735107 -0.093079
106.727722 -0.091614
106.480774 -0.277039
106.505676 -0.236023
106.598572 -0.145203
106.592651 -0.138550
106.539368 -0.169373
106.563721 -0.137207
106.615051 -0.086487
106.410950 -0.239136
106.412354 -0.219360
106.668945 -0.001526
106.502930 -0.131287
106.528381 -0.101135
106.755798 0.084656
106.850342 0.152039
106.772644 0.079346
106.792053 0.088379
106.776733 0.069519
106.704407 0.007568
106.784668 0.069763
106.787598 0.066650
106.832825 0.096741
106.742493 0.018799
106.645447 -0.058350
106.696289 -0.014160
106.919006 0.160645
106.960754 0.180664
106.939270 0.149841
107.028687 0.207886
106.989014 0.160767
107.216431 0.325623
107.226624 0.308228
107.267700 0.316284
107.185669 0.227356
107.273132 0.278015
107.350281 0.316650
107.381958 0.316711
107.338684 0.258118
107.317871 0.221680
107.440735 0.300415
107.560120 0.370361
107.539124 0.325012
107.510193 0.276978
107.461060 0.216919
107.414185 0.163391
107.376343 0.121155
107.350769 0.091797
107.623962 0.297729
107.588562 0.246948
107.608765 0.243469
107.563477 0.189209
107.444397 0.081604
107.583496 0.183716
107.523743 0.122864
107.539917 0.125916
107.409973 0.014771
107.286377 -0.082886
107.303833 -0.062744
107.183044 -0.152344
107.276672 -0.067261
107.198242 -0.123352
107.197571 -0.114258
107.113586 -0.171021
107.533447 0.170776
107.379028 0.036621
107.438232 0.080078
107.566772 0.174377
107.680176 0.249451
107.796814 0.321106
107.822693 0.316284
107.975525 0.410828
108.028564 0.420166
108.015137 0.376953
107.969360 0.311890
107.870667 0.210632
107.707275 0.066772
107.851440 0.174011
107.986267 0.265625
107.905090 0.181641
107.853455 0.127258
