-0.386432 -0.008180
-0.220903 0.152519
-0.104567 0.331627
-0.101594 0.269223
0.053877 0.530757
0.210285 0.725473
0.481414 1.065641
0.452338 0.854853
0.368190 0.614557
0.229545 0.354197
-0.111829 -0.100034
-0.078816 -0.051560
-0.043228 -0.008277
0.221099 0.259433
0.082212 0.100108
0.014485 0.027694
-0.089575 -0.068767
-0.280135 -0.230351
-0.149796 -0.098329
-0.088755 -0.038409
-0.086476 -0.033312
-0.232400 -0.150643
-0.108220 -0.037210
-0.350754 -0.230165
-0.341435 -0.204213
-0.162111 -0.044776
-0.340913 -0.183304
-0.450744 -0.255753
-0.429145 -0.218511
-0.501242 -0.258084
-0.646381 -0.351885
-0.604670 -0.291532
-0.722950 -0.361393
-0.627730 -0.258535
-0.699056 -0.294112
-0.491528 -0.108863
-0.561348 -0.154914
-0.566381 -0.146745
-0.542598 -0.116719
-0.724510 -0.249601
-0.706114 -0.215767
-0.591405 -0.109433
-0.748518 -0.223461
-0.709683 -0.175739
-0.642907 -0.109952
-0.559627 -0.036430
-0.696626 -0.140423
-0.826344 -0.230624
-0.748494 -0.151939
-0.703973 -0.105378
