-0.203548
-0.038978
-0.058912
0.134397
0.622497
-0.009999
0.480679
-0.024878
-0.214074
0.187028
0.130062
0.256890
-0.385324
-0.185037
0.086427
-0.207814
-0.602589
-0.142517
-0.411440
0.361785
0.151641
-0.058959
0.154497
-0.384573
-0.223516
0.022515
-0.318522
-0.540584
-0.875867
-0.475963
-0.173800
-0.187009
-0.432163
-0.667947
-1.107785
-0.628116
-0.536337
-0.542579
-0.523627
-0.102484
-0.649948
-0.773978
-0.638562
-0.604474
-0.799385
-0.568131
-0.459044
-0.600423
-0.564441
-0.542595
-1.204143
-0.623651
-1.051309
-1.196709
-1.012094
-0.526186
-0.916218
-1.349359
-0.719476
-1.296822
-0.708461
-0.598753
-0.264257
0.061951
-0.980129
-0.576189
-0.798602
-0.691927
-0.848940
-1.095827
-1.039400
-1.218968
-0.746765
-0.877532
-0.861034
-1.175985
-1.253267
-1.445766
-0.983110
-1.214681
-0.465335
-1.507100
-0.913467
-0.426609
-0.631758
-0.778450
-1.206531
-1.334925
-0.658067
-0.431468
-1.035509
-1.174362
-1.669397
-1.240253
-0.923813
-0.485748
-0.800801
-0.881554
-1.068792
-1.204700
-0.594690
-0.913981
-1.489715
-1.190747
-1.187567
-1.034884
-0.633597
-0.726723
-0.735843
-0.382033
-1.019795
-0.006294
-0.686351
-0.495036
-0.588283
-0.528059
-0.493696
-0.481102
-0.612182
-0.914389
0.118691
-0.844423
-0.426795
-1.225845
-0.862229
-0.627912
-0.561543
-1.294537
-0.565492
-0.819646
-0.319826
-0.806736
-1.062682
-0.900480
-0.959195
-0.819936
-0.880806
-0.947509
-0.181392
-0.846296
-0.495314
-0.196085
-0.438766
-0.280699
0.025422
0.327497
-0.373646
-0.121482
-0.554283
-0.057028
0.158295
-0.184809
0.015095
-0.265871
0.314099
0.668414
0.006613
0.238413
0.714257
1.003067
0.231341
0.645673
0.707332
0.501173
-0.086652
0.878700
1.193154
0.789239
0.551051
0.632378
1.366745
1.034136
0.985493
0.860640
0.418133
0.490618
0.564449
0.845885
1.139048
1.026281
0.303207
0.853298
1.002928
1.043649
0.698306
1.777765
0.528773
0.738470
1.356196
2.014996
1.354866
1.447985
1.643913
1.244308
1.188467
1.560463
1.388992
1.491142
1.696023
1.237529
1.231007
1.059029
1.152211
0.987215
0.874541
1.256420
1.434622
0.384178
0.884029
0.840127
1.082088
1.512990
1.580707
1.424283
0.802303
1.208197
1.662139
0.555885
1.896959
1.872518
1.951840
1.546944
0.792437
1.420520
1.722136
1.576498
1.103676
1.240564
1.012788
0.926492
1.412824
0.971523
1.000803
0.934860
0.888541
1.335378
1.620712
1.071290
0.846903
1.615395
2.184451
1.480635
1.377901
1.608338
1.881930
1.413435
1.175038
1.779601
1.989012
1.654749
1.405061
1.969202
1.697121
1.251358
1.445132
1.036635
1.681020
1.378698
1.274080
1.450880
1.487648
1.582726
1.431486
1.137656
1.255865
1.177947
0.997689
1.084069
1.013045
1.124309
0.964127
1.040978
1.800877
1.245615
0.793034
1.229221
1.101108
1.298697
1.255299
1.520921
1.305419
1.209923
1.628234
1.505272
1.267098
1.135954
1.013327
1.076368
0.979810
0.951096
0.726854
0.641662
0.857186
1.087845
1.126209
1.097154
0.478367
1.704254
1.660811
1.440333
1.832169
1.040535
1.984194
1.168243
1.452484
0.820029
1.272710
1.412778
1.494601
1.765744
1.629745
1.364852
1.540790
2.115827
1.579358
2.057438
1.983241
1.104399
1.847641
2.210512
1.541369
1.612998
1.721167
1.304096
1.172712
0.701597
1.323961
1.407661
1.672050
1.839919
1.309333
1.326155
2.052296
1.367700
1.447856
1.104695
1.006043
1.706405
0.920980
0.629966
0.928168
0.537987
0.892473
0.677511
1.132161
0.818644
1.253998
1.303339
1.182317
0.920512
1.123165
0.574177
0.925268
0.554362
0.896110
1.256560
0.662595
-0.132470
0.359854
0.524611
0.486078
0.279719
0.444333
0.022426
0.120707
0.551451
0.079327
0.592066
0.126728
1.097139
0.507462
0.495074
0.604115
0.392357
0.628200
0.700417
0.726048
0.578751
0.196898
0.258495
0.926277
0.454544
0.154758
0.581851
0.452732
0.456669
0.207698
0.524151
1.262288
0.827173
-0.094247
1.043605
1.049877
0.678172
1.092601
0.621116
0.787691
1.412567
0.779179
0.302677
0.854973
0.951781
1.351530
0.959457
0.857173
1.428539
1.137477
1.025395
1.704747
1.446227
1.401300
1.407197
1.269053
1.393585
1.718544
1.624159
1.936668
1.525654
1.718575
1.625346
2.042222
1.843808
1.621140
1.634993
1.387275
1.770073
1.551259
1.356064
1.988919
1.206379
1.407642
1.871801
1.820180
1.658969
1.785909
1.839316
1.323838
1.546368
2.142301
1.419091
1.531284
1.729699
1.829323
1.761910
2.156340
2.143295
2.414040
1.989694
2.358594
2.394419
2.737780
2.417468
2.950093
3.068799
2.298640
2.531748
2.509975
3.505750
2.600654
3.317100
2.412764
2.627001
2.753964
2.847796
2.985770
3.030965
2.963117
3.434381
3.518502
3.354051
3.271571
3.034329
2.943455
3.012219
3.274381
2.828011
2.877220
3.415888
3.653210
3.257609
3.551324
3.233142
2.949813
3.551069
3.497281
3.372495
3.318179
3.790024
3.186774
3.228992
3.021743
3.450446
3.024513
3.167825
3.333130
3.466873
3.142005
3.609942
3.877409
3.742952
4.127541
4.225812
4.086352
3.966068
4.061135
4.410318
4.216719
3.998490
4.905255
4.374200
4.413368
4.775311
4.764646
4.564833
5.064857
5.389478
4.757447
5.538000
4.660915
5.664190
4.949200
5.306842
4.825143
5.378539
5.553530
5.627787
5.444531
5.401662
5.992792
5.682682
6.213560
5.693723
5.856421
6.213868
5.370285
5.464985
6.172540
5.518837
5.442486
6.410764
5.599372
6.055973
6.007035
5.201128
6.087392
6.296689
6.281583
6.539357
6.245618
6.603700
6.293003
6.195031
6.453361
6.530397
7.347675
6.541488
7.074356
7.014944
7.095034
7.791683
7.287556
7.730541
7.640813
7.764749
8.546930
7.433690
8.300864
8.288735
7.940311
8.709646
7.742666
8.128021
7.925586
8.413158
7.864712
8.505287
8.236736
8.099250
8.536814
8.284791
8.153188
9.086149
7.978821
7.578490
8.148556
8.100027
8.824348
8.704104
8.672447
8.292871
8.241455
8.251108
8.450392
8.645347
8.417221
8.541113
8.570192
8.642894
8.322401
8.359780
8.649845
8.126262
8.100904
8.026901
8.387557
7.655845
8.247516
8.024870
8.390018
7.803444
7.883509
8.187571
8.354704
7.743078
8.031798
8.187590
8.183434
8.010190
8.422043
7.669159
8.196747
8.451300
8.427463
8.661724
8.648076
8.254859
8.790550
8.014814
8.659246
9.117370
8.895591
8.646011
8.596038
8.280425
8.846123
8.369021
8.600190
8.397698
8.763820
9.151328
9.287249
9.064299
9.661827
9.226718
8.894647
9.114428
9.698224
9.235353
9.061223
8.830741
9.276598
9.373115
9.196883
8.894453
9.168079
9.994553
10.012717
9.483191
9.980248
9.345229
10.085731
9.770071
10.001272
9.235714
9.885040
9.583773
10.020625
10.045277
9.834024
9.600968
10.004273
9.796512
9.624556
9.734631
9.339980
9.522133
9.917571
9.721012
9.478593
9.849276
9.235498
9.537811
9.493350
9.925737
9.241042
9.438834
9.208250
9.509492
10.121140
9.562184
9.524106
10.032501
10.332672
10.084532
10.471777
9.973124
10.781494
11.239269
10.739842
9.849003
10.451440
10.721975
10.554698
11.187572
10.864586
10.469837
10.849937
10.643911
10.821313
10.744719
11.445949
11.812237
10.742738
10.520965
11.258350
10.881499
11.408599
11.733250
11.967303
11.582095
11.541921
11.102468
11.752943
11.836147
11.982640
11.731874
11.874449
11.617003
11.463532
11.925909
11.948921
12.540445
12.295123
12.262224
12.327134
11.565266
13.139804
12.405830
12.535711
12.243540
12.915921
12.772256
12.686288
12.870872
13.382965
12.736100
12.680594
12.431142
12.334444
13.098015
13.384344
13.733269
12.685332
13.043637
13.314433
13.535258
13.418907
13.394318
13.583208
13.379238
13.866782
13.879265
13.671800
14.251010
14.467419
14.274319
13.144694
14.596214
14.354160
14.807226
14.497229
14.631547
14.624344
14.741255
14.871636
14.451864
13.943332
14.272879
14.496541
14.530838
14.320324
14.239216
14.299397
14.874270
15.148986
14.830352
14.988259
14.711111
14.292987
14.551109
14.571328
14.553830
14.652852
14.846893
15.023850
14.637218
14.077866
14.580419
14.535639
14.983810
14.483289
14.822961
14.726859
14.639160
14.950896
14.540895
14.572261
14.862845
14.689533
15.100259
14.726913
15.056889
15.086230
15.402782
15.191423
15.271459
15.488369
15.492894
15.435624
15.890668
15.326201
15.643626
15.221290
15.737671
15.312094
15.722235
15.794984
16.053546
15.880173
15.926854
16.479454
16.310825
15.889882
16.156966
16.670190
16.233888
16.118101
16.124181
16.369530
16.520362
16.458897
16.589721
16.631608
16.984089
16.691090
16.817148
17.364239
17.503617
17.086542
16.927253
16.953261
17.500353
17.339937
17.372849
17.358180
17.406241
17.891017
17.230130
17.917567
17.539938
17.774123
17.516773
18.035319
17.894887
17.973746
18.516803
18.157883
17.915514
18.071488
18.407416
18.761808
18.496335
18.675213
18.609782
19.001335
18.061433
18.628890
18.711853
18.117820
18.292950
18.518555
18.774375
18.912009
19.159064
19.616603
19.746964
19.229480
19.220745
19.850444
19.643012
19.485349
19.515597
19.267839
19.496815
19.260657
19.526242
18.858466
19.142942
19.221827
19.334289
19.329037
19.689853
19.377497
19.867349
19.754345
19.159574
19.423433
19.987282
19.748637
19.538484
19.754560
19.916389
19.409493
20.071227
19.606427
19.882055
19.998424
19.997274
19.838368
19.997065
20.618834
19.761457
20.672477
20.152642
20.416502
20.224719
20.303051
20.314293
20.302533
20.743159
20.762696
21.476961
20.702451
21.262903
21.457461
21.001798
21.466844
21.158752
20.710601
21.650489
20.999332
21.165985
21.614286
21.351568
21.700809
21.792288
21.341519
21.780474
21.358049
22.279400
21.509926
22.147295
22.261545
22.144501
21.743868
21.831537
21.455592
22.286491
22.198136
22.108173
21.212346
21.579274
21.680568
22.253445
22.052345
22.076911
22.249894
21.759710
22.569776
22.607686
22.740761
22.657438
23.341545
23.055454
22.707350
23.237564
23.264080
22.825156
23.321978
22.950787
22.296725
23.141789
23.040386
23.437749
23.599055
23.413626
23.973921
23.543294
23.839647
24.062873
23.772624
23.996427
23.578474
23.783032
23.646694
24.107359
24.271629
24.706555
24.685801
24.421977
24.198383
24.674156
24.858122
24.621620
24.780271
24.516212
24.338900
24.240002
24.585412
24.610119
24.815205
24.775129
24.964897
24.523718
25.273140
25.089691
25.149738
25.079128
25.063959
25.952079
25.779931
25.111529
25.829466
25.849406
25.665497
26.130320
25.854059
25.352965
25.807452
25.777405
25.603734
26.096606
25.517873
26.396363
25.645776
25.809771
26.222341
26.451176
26.364823
26.210236
26.324277
26.192808
26.378098
26.767824
26.446874
26.714153
26.980577
26.485026
26.763486
27.591904
27.271441
26.427843
27.011626
26.830717
27.044074
26.596073
26.570166
26.680050
26.841103
27.289634
26.488663
26.951531
26.654499
27.550136
27.566327
27.214647
27.324163
27.673751
28.002267
27.749660
27.352421
27.149564
27.375108
27.766637
27.446817
27.749587
27.563997
27.472544
27.369117
28.211052
28.194528
28.393720
28.144498
28.070835
28.574000
28.200668
28.433034
28.379333
27.482130
28.746480
28.674531
28.666989
28.590929
28.498136
28.189893
28.573225
27.898996
28.612526
28.805935
28.681575
28.849430
28.682835
28.823904
29.149170
29.490751
28.754395
29.409395
29.239640
29.358881
29.032588
29.450257
30.020825
29.875697
29.746318
30.029737
30.085765
30.064666
29.775768
30.068709
30.097781
29.953389
29.920476
30.363642
30.485593
30.682924
30.677560
30.152302
30.051224
30.105739
30.762348
29.800476
30.499951
30.678752
31.050620
30.643076
30.200922
30.416091
30.346487
30.495771
30.733928
30.568356
31.249627
30.592598
31.408935
31.500817
31.416580
31.175844
31.559215
31.053390
31.815401
31.650068
31.718249
31.498113
31.384391
31.942701
32.707319
32.287216
32.448723
32.831726
33.330022
33.198743
32.621142
32.444278
33.804477
33.738893
33.254671
32.858826
33.448316
33.286797
33.406745
33.781115
33.753743
33.418079
33.531732
33.851380
33.946357
34.048388
34.389292
34.191703
34.386911
33.213177
34.058590
34.339640
34.000756
33.996292
33.782231
34.451481
34.401858
34.668031
33.939362
34.439215
34.378671
34.483685
34.457053
34.584956
35.101743
34.158453
35.184991
34.857109
34.674120
35.045640
34.331979
34.579742
34.976193
35.359585
35.085297
35.383180
35.027614
35.519968
36.000167
35.902996
35.751580
36.023841
35.909411
36.013925
36.376495
36.498903
36.194228
36.514467
36.260455
36.122238
36.559117
36.555084
36.097113
36.951291
35.852564
37.472844
37.168669
36.773717
36.864038
37.069506
36.877369
37.228778
37.282120
37.289009
37.508400
37.235330
37.633153
37.769809
37.806176
37.640197
38.057697
37.883193
38.075463
38.431532
38.094815
38.253409
38.181979
38.529035
38.126003
38.740478
38.454910
38.269439
38.696384
38.769065
38.985737
38.101858
39.050583
38.971793
38.872813
39.074146
39.155984
39.423888
39.193394
39.814094
40.408947
40.203811
40.489940
40.605117
40.816222
40.953610
40.243769
40.226944
40.990553
40.901017
41.093598
41.341391
41.035543
41.143969
40.529784
41.568635
40.797967
40.786290
40.757817
40.641006
40.774354
40.912528
40.701115
41.208469
42.245191
41.980279
42.147339
42.290583
42.671696
41.531866
41.687883
42.012971
42.181925
42.390613
42.356870
42.747825
42.575534
42.355748
41.927498
42.291642
42.582047
42.806731
42.589551
42.908828
42.711765
43.127533
42.983748
43.130121
43.105309
43.663485
43.477279
44.110409
44.051824
44.151386
44.025508
44.349947
44.698620
44.523923
44.927081
44.619844
44.829224
44.576966
44.864724
44.432286
44.500542
44.836878
44.794517
44.980376
45.280065
44.681441
44.944761
45.309851
45.123857
46.327244
45.575235
45.476631
45.483216
45.530373
45.787212
45.929250
45.903347
45.926378
46.477070
46.591779
46.430902
46.084497
46.757812
47.335568
47.377968
47.275715
47.520861
47.103759
47.403145
47.122831
47.550780
47.877095
47.571317
47.457808
48.017216
48.096591
48.361900
48.230595
49.016407
48.389813
49.195926
48.822713
48.632660
49.325432
49.003553
48.849709
48.794185
49.548807
49.876228
49.830160
49.769328
49.860291
49.849430
49.595412
49.699946
50.139291
50.178247
50.538798
50.569918
50.550503
50.334327
50.072866
50.773439
50.761704
49.912487
50.375006
50.444344
50.818815
50.572591
50.869678
50.945084
50.992565
50.912104
51.041329
50.969416
51.467699
51.683957
51.336624
52.264110
51.962696
52.631055
52.085827
51.707761
52.497507
52.510768
52.637514
52.595911
52.673695
52.751927
52.854936
53.452919
53.543574
53.766698
53.726171
53.777962
53.537696
53.773165
52.893698
53.663997
54.000035
54.183132
54.112393
54.305365
53.498569
54.238669
53.730056
53.986056
54.291055
54.584227
54.371866
54.233674
54.312249
53.940693
53.989277
54.064768
53.526656
54.141401
53.921163
54.420178
54.569856
53.633308
53.995855
53.973249
53.692809
53.839184
54.904486
54.373615
54.777326
54.443044
54.106340
54.264681
54.634095
54.586774
54.333436
54.133337
55.631815
54.831942
54.935455
55.049771
55.103031
55.226217
55.485251
55.234784
55.060241
55.465635
55.454848
56.071177
56.182841
55.978106
55.536532
55.716549
56.273123
56.356632
56.159444
56.318024
56.387163
56.443031
55.611372
55.926279
56.228994
56.975132
56.491640
56.885081
57.042180
57.268419
57.314902
56.875307
56.973412
56.996575
57.100464
57.140677
57.541479
57.381634
57.461792
57.789651
58.089953
57.745836
58.097517
57.603394
58.074568
57.955155
57.960851
57.873865
57.670822
57.333978
57.826962
58.315939
57.582326
58.023587
58.113569
57.807907
58.258697
57.119064
57.633188
57.864013
58.073874
58.528059
58.443064
58.510725
58.809392
58.353671
58.216929
58.796521
58.542382
58.171499
59.172495
59.385125
59.370479
59.045037
59.170414
59.539932
59.029323
59.744130
59.366105
59.607164
59.451679
59.659295
59.225499
58.774384
59.639768
59.096383
59.816472
59.416236
60.035360
60.025397
59.760426
59.905308
59.837791
59.150920
59.902406
59.585853
60.149336
59.780833
59.890831
60.786980
60.509260
60.269631
60.392149
60.163955
60.489651
60.287696
60.911629
60.697638
60.710954
60.959298
60.777798
61.115088
61.010984
61.093193
61.284351
60.649146
61.027880
61.214360
60.969309
61.193246
61.249145
61.465568
60.931528
60.766697
60.925729
60.648941
61.273588
60.921511
61.928053
61.607054
61.171848
61.587961
60.867935
62.417066
61.401782
61.684384
61.195055
61.985209
61.599044
61.936887
61.735840
61.736667
62.008310
62.554178
62.247181
62.314728
62.737705
63.288056
62.862003
62.546979
62.701406
62.974269
62.893452
63.235365
62.976808
63.360020
63.085901
63.654170
63.117620
62.937892
64.006311
62.907524
63.370865
63.545687
64.601550
64.381658
64.484389
63.992575
64.808584
64.338369
64.515744
64.381773
64.374259
64.483635
64.487299
64.933763
64.953475
64.832397
65.164180
63.750748
64.847832
64.934305
65.291529
65.139792
65.185381
65.669807
65.788471
65.368386
65.642934
66.258102
65.253191
65.942544
66.554140
66.734235
66.609525
66.395702
66.459820
66.650832
67.221018
66.762042
67.064809
66.782512
67.437126
67.264407
67.620028
67.089688
67.242801
67.883347
67.464245
68.481462
67.289283
67.823413
68.104232
68.119869
67.926216
68.065205
68.186342
68.366346
68.941023
68.389039
68.751008
68.671525
68.929224
67.982351
68.646726
69.185188
68.754124
69.752165
69.772310
69.380484
69.371579
69.387614
69.428261
69.322305
70.100244
69.666225
70.593671
70.732081
70.147378
71.236717
71.073963
71.202570
70.764643
71.459784
71.636816
71.434082
72.015880
71.448156
71.900048
71.548823
71.743607
71.194129
71.937759
71.743781
72.023105
72.944027
72.312954
72.176060
72.468208
72.341741
73.236137
72.642939
73.046697
73.364746
72.597136
73.099931
72.717069
74.012115
73.659582
73.424053
73.293104
73.529734
73.537012
74.314251
73.372078
73.959749
74.108850
74.129979
74.174952
74.150058
74.677706
74.584577
74.571807
73.662297
74.789788
74.362848
75.113214
75.557467
74.918876
75.145195
75.152007
75.828194
75.683347
76.418857
76.140530
76.082627
76.231773
76.578235
75.783723
76.342840
76.345643
76.472395
76.418432
76.224866
76.819125
76.632405
76.446406
77.346677
77.463121
77.639023
78.030638
77.402715
77.193333
77.708349
77.515631
77.505746
77.797789
77.734864
77.221118
77.809165
77.697326
78.205053
77.984791
78.624272
78.722233
78.439276
77.765561
78.970784
79.261189
78.877223
79.273588
78.908942
78.694788
79.330925
80.276228
79.286427
79.841879
79.844303
79.958860
80.131621
80.281288
80.030010
79.849032
80.395949
80.796830
80.711942
80.402171
80.207878
80.375959
81.197168
80.911969
80.850853
81.041287
80.951351
80.978590
81.182586
80.883440
80.649484
81.267770
81.417102
80.811072
81.546513
81.919648
81.534449
81.379061
81.736851
81.623513
81.642542
82.069015
81.651691
81.845988
82.344548
82.509161
82.579638
83.108511
82.660530
83.003561
82.495173
83.111369
82.859895
83.363421
83.512808
83.984468
83.480019
83.352934
83.994060
84.369654
84.458761
84.770031
84.595628
84.321197
83.914877
84.477502
84.963652
84.715249
85.241846
85.420098
85.167039
85.574877
85.895134
85.480720
85.153822
85.635995
84.863615
85.788267
85.853921
86.260538
85.703500
85.992253
85.587814
85.597393
85.465657
85.880714
86.047703
86.234243
86.040192
86.354496
86.336150
86.329864
86.551275
86.517079
86.876341
86.788022
86.716595
86.664998
86.396985
86.369881
87.146113
86.232321
86.541409
86.612289
86.743499
86.849207
87.129971
86.605593
87.484697
87.335529
86.704568
86.343907
86.711319
87.004714
87.984733
87.342681
86.620642
86.898535
87.118355
87.237701
86.793043
87.208612
87.033120
86.867151
87.462319
87.664805
87.856488
87.745982
87.614325
87.947581
87.830674
87.941493
87.942774
88.151226
88.371918
89.092273
88.643808
88.395940
88.252260
88.344900
89.163078
88.451276
88.867579
88.575614
88.843313
88.927031
88.471930
88.439483
89.287924
88.996059
89.031545
88.909814
88.867873
89.179033
88.664329
88.957621
88.333758
88.544914
88.635179
89.484965
88.346139
89.222752
88.670505
89.515147
89.737804
90.220252
90.086174
89.627944
90.249443
90.091022
90.343492
89.998001
90.095145
90.299926
90.503195
90.639686
91.229737
90.950234
90.209986
91.127359
90.711959
90.859188
90.923429
91.082077
90.901198
91.485702
91.278377
91.809674
92.422981
91.523035
91.821783
91.215377
91.882427
92.258113
92.542606
92.370784
92.708888
93.301357
93.161912
92.609778
92.527913
93.218699
93.141709
93.675411
93.436334
93.657493
93.790290
93.360014
92.956422
93.814652
92.870079
93.395120
93.402630
93.208410
93.267278
93.457476
93.222769
93.172812
93.170035
93.114950
93.809436
93.250380
93.687640
93.418008
93.472342
93.957821
93.494889
93.876745
93.854862
93.663755
94.074868
93.972580
94.303317
94.369775
94.273493
93.771035
94.947105
93.746858
94.656531
94.655374
94.306538
94.584480
94.557374
95.049374
94.382847
94.634575
93.916992
95.151915
94.332415
94.769168
94.760107
94.984366
95.441300
95.838913
95.580251
95.644391
95.589534
95.974169
95.643121
96.144342
96.057872
96.236830
95.760887
95.932375
96.089407
95.775876
96.875664
96.609119
96.725987
96.472616
96.236236
96.598080
96.925236
97.021750
96.844860
96.927810
96.881501
97.173454
97.516500
97.425218
97.571538
97.509655
96.873568
97.102277
97.552891
97.459579
97.657026
98.179871
98.000045
98.147077
97.851342
97.606632
97.839047
97.636925
98.495911
98.161982
98.083163
98.329850
97.402209
98.416402
97.924654
98.280577
98.190323
98.766580
98.643454
99.066650
98.659757
98.860742
98.852283
98.056579
98.340832
98.516693
98.949223
98.846256
98.310547
98.631286
99.396187
98.864581
98.955060
99.269122
99.145515
98.814028
99.000427
98.974505
99.353684
99.068770
99.139786
98.650062
98.812685
99.525445
99.071106
99.159658
99.023660
99.438993
99.075894
99.364596
99.701744
99.879846
99.326882
100.103829
99.749856
99.458867
99.916097
99.759683
99.930795
99.813550
99.751354
99.290856
99.838849
99.224555
99.484822
100.078824
100.407760
99.811768
100.315339
100.515104
100.325866
100.145314
99.840882
99.442621
100.018035
100.385897
99.598184
100.114596
99.632629
99.986302
100.246912
99.826802
99.995059
99.867976
100.234865
100.248641
100.150367
100.574022
100.508710
100.204204
100.493026
100.575520
100.487833
101.046808
100.526570
100.031312
100.446811
100.058188
100.476324
99.806291
100.146990
100.021889
100.645991
100.619658
100.771414
100.706285
100.290359
100.842900
101.231053
100.635941
100.308655
100.140060
100.092144
100.565295
100.801546
100.525877
100.661725
100.599919
100.587211
100.322834
100.639444
100.450645
100.652886
100.886525
101.372177
100.421311
100.980132
101.303341
101.175143
101.165842
101.021665
101.287648
100.631465
100.538250
101.118283
100.625475
101.582004
101.641975
101.183072
101.050316
101.186867
101.192662
101.357042
101.476517
101.146283
101.561158
101.243930
100.865089
101.520746
100.689694
101.210447
101.681192
101.085027
101.264874
101.479742
101.170615
101.377912
101.465440
101.385761
102.302636
101.542518
102.187870
101.753309
101.437341
101.707410
101.819750
101.931308
102.197835
102.732196
101.994672
101.692053
102.142451
101.877823
102.051200
101.319881
102.291317
101.846782
101.184751
101.574223
101.944190
102.025549
101.304439
101.888618
101.156029
101.694449
102.135368
101.787250
101.395924
101.921401
101.747219
102.202826
101.856969
101.946169
101.583194
102.170647
101.925416
101.689729
102.130456
102.457555
102.259912
102.528986
102.558295
102.049846
103.010120
102.181290
102.467885
102.619358
102.469749
102.875436
102.744074
102.362202
102.648564
102.482252
102.508142
102.314530
103.080200
103.241961
103.196027
103.277850
102.770893
102.777132
102.770597
103.206771
103.162274
103.089127
103.705017
103.370725
103.004860
103.163039
103.620075
103.911552
103.808971
104.365675
104.321151
103.953192
103.517896
103.450193
103.699611
104.190018
104.396602
104.050989
104.247794
103.912339
104.006239
104.180193
103.349250
103.916725
104.221907
103.893144
103.462237
103.132586
103.858732
103.954115
103.772735
104.265944
104.355004
104.512292
103.576142
103.840679
104.246508
104.593641
104.686050
104.784168
104.648881
104.677894
104.739620
105.119002
104.567580
104.988224
104.820661
104.873530
104.705076
104.580378
104.840585
104.871331
104.359547
105.102656
105.613606
105.635250
105.288608
105.526328
105.387695
105.872142
106.397145
106.361806
106.266061
105.989508
106.415887
105.876093
106.219556
106.397717
106.506251
106.439386
106.223786
106.162626
106.417514
106.165727
106.246792
106.465549
106.643138
106.053403
106.717249
106.696187
106.409310
107.053228
106.239262
106.272818
106.181013
106.416059
106.379055
106.156451
106.218781
106.388101
106.714700
107.069800
106.676085
106.352755
106.483820
106.469182
107.059065
106.495484
106.164989
106.493385
106.695748
106.756983
106.381001
106.649719
105.717146
106.601936
106.933181
106.517687
106.573201
106.421783
107.546146
106.861720
107.089748
107.216567
107.521926
107.139748
107.135176
107.430735
107.596551
107.137163
107.059817
106.825737
107.012534
107.777136
107.226600
107.106607
106.834330
107.153025
107.199269
107.304021
107.832557
107.870173
106.884822
107.484931
107.197413
107.395380
107.894493
107.638968
107.736883
107.760375
107.603898
107.446999
107.394573
107.242662
107.368743
108.265420
107.386759
107.237949
107.613943
107.344419
107.413236
107.883338
107.549503
107.316726
107.326163
107.355796
107.742627
107.497255
106.951503
107.608372
107.323649
108.634469
107.776614
108.092284
108.202738
107.939150
108.077777
108.471974
108.785629
108.587190
108.928848
108.258722
108.704682
108.858615
108.872185
109.168620
108.741428
108.794153
109.138801
108.454303
108.941344
108.970556
108.751634
109.308860
108.608459
108.887377
109.200867
109.449935
108.923268
109.373494
109.370268
109.103591
108.795525
108.775489
109.244347
109.097552
109.357302
109.325582
109.013052
108.824562
109.441312
108.974894
108.907286
108.948063
109.337692
109.689871
109.529985
109.432996
109.149286
109.594970
109.245622
109.544485
109.418913
110.037283
109.667170
109.856738
109.927808
110.519803
110.258903
110.219766
110.444478
110.371136
110.260030
110.494669
110.255133
110.828684
110.417744
111.207106
110.944701
110.828654
110.841249
110.675526
110.923335
111.274886
110.772228
110.554287
111.140852
111.121404
110.739818
110.891789
110.920357
110.895685
111.058838
111.204990
111.123722
111.136175
111.148411
111.162950
111.042739
111.610295
111.373463
110.881757
111.576560
111.676806
111.297603
110.908020
111.346940
111.376763
111.066304
111.172429
111.460356
111.316527
111.272960
111.479414
111.182930
111.434960
111.805786
111.617686
111.100942
111.546806
111.337189
111.719167
111.876801
111.412642
112.164001
111.715543
112.783101
112.390238
111.981208
112.063439
112.532141
112.376585
112.492670
113.121863
112.415775
112.604651
113.080203
112.729265
112.255427
112.794997
112.316268
113.143370
112.488250
113.764221
113.308946
112.570425
112.786076
113.095931
112.953850
112.987540
113.178649
112.766765
112.741808
113.019928
113.532303
113.316072
113.338996
113.505949
112.721799
113.493433
113.448287
114.094331
113.145136
114.396014
113.939102
114.154120
114.722840
114.315076
114.329871
114.176865
114.012526
114.175061
114.079437
114.413977
113.702622
114.648528
114.421619
114.344966
114.462867
113.957369
114.834527
114.383200
114.429770
114.335682
114.773546
115.080166
115.135955
114.996154
114.898075
114.515640
114.145401
114.490943
114.618754
115.202204
114.895281
115.263592
115.335380
114.728886
114.497970
115.498369
115.599134
114.799856
115.787237
115.462879
115.424137
115.824209
115.754699
115.506178
115.427258
115.359129
115.074525
115.240582
115.133881
115.363758
115.341149
115.347570
115.563025
115.487885
115.697230
115.046766
115.502092
115.508306
115.244015
115.290529
114.878860
115.298954
115.485169
115.493581
115.642216
115.267788
115.209257
115.146606
115.351099
114.690580
115.068439
115.799833
114.499135
115.122191
115.595624
115.510436
115.512808
115.648963
115.447171
115.682123
115.638510
116.077098
116.133398
115.708713
115.223853
115.539588
115.485979
115.608084
115.241080
115.261298
115.525819
115.668633
115.183821
114.929384
116.279986
115.528485
115.191374
115.569409
115.396603
115.708880
115.626150
115.561782
115.463135
115.104498
116.219386
115.379632
115.319290
115.634208
115.354892
115.733175
115.849608
116.005201
115.936772
115.801161
116.034263
116.109214
115.385936
116.110637
115.641799
116.524121
115.849756
115.912970
115.919178
115.954258
116.838487
116.451672
115.688181
116.832900
116.781048
116.133480
116.357213
116.223946
116.813088
115.979561
116.342429
116.193144
115.707401
116.901883
115.943759
116.351821
115.695207
116.109211
116.403162
116.127724
116.705809
116.533066
116.872025
116.890609
116.413414
116.558221
116.732889
116.876533
116.854939
117.069180
116.953205
116.987888
117.251754
117.258368
117.432236
117.436980
117.410557
117.536674
117.053047
117.777235
116.591242
117.441988
117.842973
117.023259
117.526144
117.242118
117.482157
117.942263
117.754991
117.087701
117.343552
117.896773
117.638739
118.253240
118.433687
117.979101
118.803719
118.211373
117.894119
117.951396
117.611300
118.843961
118.883940
118.114815
118.362387
118.534954
118.124934
118.009861
118.572760
118.678693
118.642777
118.842106
119.275686
118.756213
118.834846
119.204411
119.216322
118.816564
118.988023
119.171645
118.624049
119.584225
119.633795
119.099486
119.123921
119.368715
118.984009
119.470944
119.392751
118.925314
119.451990
119.120557
119.905494
119.451507
119.638914
120.082433
119.919834
119.305546
119.607483
119.700929
119.902915
119.945693
119.658310
119.502524
119.872693
119.713511
120.575526
119.846808
120.421051
119.591189
119.672761
119.800551
120.513915
120.713166
119.989011
120.082062
119.995713
119.754670
120.553387
120.520407
120.526467
120.178290
121.175562
120.516950
120.780830
120.168465
120.354520
120.540118
120.563730
120.641719
120.713516
120.310898
120.674825
120.712049
120.776944
120.578255
120.162581
120.173998
119.926139
120.999150
121.005626
121.089411
120.898160
120.191627
120.448431
120.839898
120.913362
120.847600
121.233530
121.215531
121.297654
121.132194
121.638363
121.108900
120.901610
121.074736
121.210429
121.460020
121.008252
121.013994
120.686056
121.625324
121.264042
121.477429
121.928488
121.774648
120.923125
121.170694
121.811988
121.510209
121.845076
121.602412
121.535239
121.297580
121.941411
122.234158
121.307300
121.533279
121.454743
121.258968
121.128180
120.883919
120.769482
121.290497
120.885404
120.359526
121.578262
121.359250
121.816547
121.602748
120.925105
120.491703
120.928405
121.094162
121.545496
121.215758
121.504753
120.713094
121.347426
121.321246
120.636740
121.486390
121.045457
120.904542
120.605959
121.109893
120.309266
120.698650
120.682689
120.015320
120.957130
120.284919
120.426922
119.778227
120.866594
119.785703
120.453703
120.022822
120.193111
120.748089
120.803536
120.200076
120.977725
121.092739
120.565866
121.155285
120.308689
120.679396
120.917245
120.530356
121.033191
121.149790
121.144938
121.320061
121.004084
121.191938
121.407734
121.136917
121.150277
120.499186
121.056402
120.625895
120.463851
120.750959
120.512226
121.163687
121.262281
120.488457
120.915263
120.801341
121.149971
121.594789
121.414304
121.215473
121.988469
121.073271
122.062780
121.578669
121.778649
121.550697
122.265299
121.555750
121.981487
122.029748
121.298336
121.488032
121.692048
121.587539
121.605182
121.767502
122.118970
122.042009
122.456685
121.862806
122.040206
122.966065
122.302197
121.912521
121.621964
122.519115
121.952372
122.065837
122.175449
122.622555
122.486288
123.255236
122.592846
122.738785
122.800712
122.514084
122.386095
122.673773
122.996987
122.683285
122.875327
123.223575
123.399137
123.131287
123.501057
122.780013
123.358675
123.429612
122.632385
122.918695
123.716415
122.901680
122.769175
123.663129
123.645055
123.406241
123.276085
123.050623
123.296872
123.633529
123.124131
123.619779
122.941821
123.265588
123.269811
123.109121
123.372043
123.628374
123.717775
124.201986
123.615946
123.976830
123.770169
124.175011
124.422739
124.050256
123.513815
123.755716
124.008503
124.012585
124.083599
124.071982
123.942939
123.602407
124.103269
124.461679
124.282308
124.120023
124.275938
123.866744
123.697989
123.780069
124.075794
123.965809
124.362159
123.814728
123.744733
124.546834
123.980792
124.252559
124.162554
123.675567
124.423679
124.237811
124.619715
123.877202
123.836551
123.672493
123.706451
123.131795
123.825646
123.245141
123.739108
122.985289
123.164736
123.916191
123.413980
123.278020
123.923001
123.755262
123.905157
123.642877
124.350853
123.445753
124.176155
123.612209
123.105815
123.678579
123.547307
123.110939
123.277096
123.480961
123.642633
122.623323
123.620735
123.417126
123.124509
123.940314
123.544204
124.051089
123.795923
123.598434
123.554932
123.837781
123.528665
123.384490
123.778558
123.638997
123.567047
123.890746
123.617552
123.593619
123.301392
123.752288
123.700454
123.914343
123.349765
123.292409
123.630748
123.444055
123.188410
123.654639
122.670194
123.407136
122.772772
123.594321
122.676152
123.719209
123.445776
123.484522
123.612223
123.699213
123.187420
123.354609
123.927558
123.176301
123.501645
124.658160
123.468958
124.010573
123.475427
123.806283
123.805903
123.831864
123.710906
124.231042
123.249368
123.710287
123.513132
123.189020
123.385940
123.657215
123.454311
124.231656
123.218990
123.933199
123.817321
123.591268
123.425860
123.660142
123.681687
123.343149
123.574509
123.512752
124.165522
123.786730
123.744484
123.695615
123.654368
124.071364
123.408421
123.671357
123.852147
123.185098
124.551773
123.448280
123.516383
123.719351
123.664335
123.285755
123.440995
122.893155
123.094033
123.550929
123.465113
123.546565
123.152673
122.632867
123.411087
123.329937
123.025131
122.780765
123.061451
123.545953
122.519301
121.977123
122.039217
122.278653
121.534845
122.024257
122.064665
122.284880
122.127795
122.042063
121.131860
122.063821
121.807714
121.768701
121.139677
121.486557
121.270434
121.075456
121.647945
121.439954
122.469270
121.717515
122.044997
121.277582
121.575536
121.878898
121.612568
121.854849
122.032682
121.895764
122.669213
122.142484
122.179604
122.358370
122.101560
121.850062
121.733739
121.984681
122.240733
122.226469
121.866514
122.315635
121.952197
121.920318
121.711813
121.821733
122.095205
121.720276
121.566322
121.121005
121.451669
121.503839
121.290743
121.525073
121.449361
121.564240
121.551123
121.220993
121.531560
121.691968
122.007780
121.939521
121.675045
121.928878
122.342208
122.069764
121.925860
122.130998
122.480827
122.275672
122.093848
122.382627
121.544126
121.359454
121.672059
121.509660
121.410279
121.808798
120.913064
121.224815
121.300180
120.825365
121.836827
121.085003
121.170157
121.378752
121.334447
120.740423
121.310622
121.130811
121.584513
120.964446
120.722091
120.542600
120.532097
120.393224
120.964221
120.457069
120.674957
121.067759
119.929350
120.942945
120.519066
120.505521
120.116379
120.223003
120.683313
121.178027
120.635354
120.749439
120.333820
120.245145
120.281580
120.370173
119.832414
120.195585
120.313079
120.426746
120.463987
120.353427
120.282607
120.083247
119.715583
120.225467
119.988229
120.532959
120.437867
120.414235
120.309763
120.180234
120.162058
120.230472
119.798836
120.646755
120.464435
120.193825
120.348255
120.278842
120.464924
120.661392
120.400307
119.838192
120.512531
120.597946
120.865548
120.567378
120.657308
120.503554
120.371645
120.443630
120.271494
120.218430
120.575069
120.351847
120.627436
120.818205
120.626732
120.525586
119.977757
120.669079
120.540399
120.867380
120.522132
120.132193
120.506173
120.555265
120.637489
120.254158
120.755214
120.457495
120.591131
120.366943
120.376969
121.048203
120.343595
120.263289
120.297640
119.988367
119.856484
120.109738
119.663343
119.719781
120.484944
119.799223
119.424813
119.960545
119.907416
120.099955
119.602817
119.905505
119.033693
119.200824
119.593274
119.722433
119.277048
119.549380
119.455537
119.786901
120.170241
120.372574
119.671830
119.639329
119.816003
119.928782
119.659637
120.069532
120.039654
120.041131
119.634873
120.297610
119.126200
120.072062
119.951547
119.579868
120.043880
119.642649
119.588241
119.670040
120.356352
119.722013
119.611640
118.988074
119.219749
118.845688
119.315977
119.188539
118.833714
119.140650
118.727333
118.923454
118.390383
118.570040
118.877318
118.509639
118.568159
118.756893
118.932417
118.171271
118.565809
118.857094
118.535565
118.386267
118.629474
118.699154
118.727258
117.830535
118.082077
118.651503
117.697062
118.215670
117.840393
117.485869
117.774358
117.722018
118.546100
117.821917
118.476210
118.153997
117.777240
118.194523
118.003740
118.021792
118.212830
117.972954
118.048351
118.378435
118.043100
117.947538
117.901415
117.883045
117.421644
118.320044
117.897649
117.867315
118.046241
118.056253
118.274891
118.264686
118.467987
118.782492
118.662767
118.428195
118.100676
118.926892
118.475945
118.601918
118.157247
118.883670
118.848366
118.222868
118.666694
118.420534
119.525827
118.380212
118.180381
118.112860
118.792036
118.362416
118.243215
118.530751
117.985315
118.676335
119.022222
118.613722
118.813368
119.020257
119.185253
119.043280
118.757184
119.040217
118.604974
118.946621
118.466623
118.720874
117.946765
119.010780
118.605020
119.085745
118.866278
119.072881
118.344876
118.819088
119.191702
119.043415
118.946603
118.720048
118.503577
118.933905
118.041085
118.111546
117.588689
118.021544
118.511658
118.625827
118.384913
118.357348
117.672009
118.239499
118.126517
118.130521
118.479960
118.080264
118.097168
117.566911
118.031096
117.451335
117.785724
117.486773
117.842077
117.880940
118.470871
118.007750
117.245801
117.510585
117.795976
117.502090
116.919690
118.113837
118.087723
118.109252
117.695216
117.961446
117.732473
118.097482
117.690958
118.425311
117.543818
118.359434
117.766137
117.552673
117.736764
117.869851
118.106981
117.808578
117.597534
117.866476
118.447297
118.102496
117.969402
117.780390
117.961362
117.942783
117.431885
117.076089
117.366299
117.183691
117.062468
117.135226
118.063583
117.347259
117.284113
116.808062
116.534274
116.792710
117.353583
117.067239
117.036721
117.123532
116.687088
117.063459
116.463694
117.153182
116.908989
116.206165
116.435574
116.300849
117.201977
116.810219
116.215241
116.993551
116.525860
116.310549
117.380683
116.781265
116.629979
116.498643
116.340505
116.507382
117.369975
116.907957
116.740580
116.036690
116.244429
116.717563
116.552546
116.876429
116.684405
116.235040
116.522369
116.155985
116.796914
116.521342
116.087578
115.977335
116.360815
116.137567
116.358419
115.253127
116.141051
115.684532
116.633951
116.782181
116.327982
116.751154
116.801457
116.204345
116.984639
116.163493
116.000271
116.207005
115.723639
115.779298
116.283029
115.872827
115.215388
115.736084
115.501582
116.051924
116.152831
116.235173
116.064758
116.058146
115.553401
116.019733
116.404908
115.679931
116.374563
115.623526
115.480033
115.847615
116.081856
115.989957
115.412091
115.947794
115.627989
115.303418
115.440515
115.396491
115.722199
115.706092
115.007076
115.515418
115.269586
115.871646
115.475321
115.284873
115.707707
115.094299
115.125455
114.555836
115.489564
115.476369
115.164082
114.604656
115.252041
114.844156
114.898252
115.531703
114.688018
115.228403
115.111224
114.936446
114.782551
114.703004
114.593857
114.418648
114.751996
114.097275
114.745679
114.623914
114.662272
114.644619
114.253906
113.479861
114.194347
113.879394
113.884878
113.681180
114.016211
113.988575
113.411749
114.257943
114.591173
114.037956
113.502572
113.704160
113.654317
113.725679
113.690655
113.351179
114.264117
113.318500
113.845634
113.761745
114.107886
113.722538
113.512472
113.521788
113.691842
113.170288
113.388873
113.072588
113.258179
113.498922
113.463901
112.817431
113.425912
113.719618
113.481081
113.391005
113.470575
113.260227
113.296592
113.651036
114.184282
113.095267
113.298721
113.394369
113.145525
113.775324
112.601898
113.065745
113.374474
112.801459
112.563211
113.035152
113.147212
112.981325
112.549594
112.943024
112.577634
112.823599
113.166957
111.759588
112.649540
112.058394
113.335461
112.467479
112.715756
112.416764
112.182987
112.035850
112.907604
112.702808
112.837148
112.160218
112.118878
112.193036
112.266587
111.849357
112.264650
112.068584
112.593216
112.371550
112.519712
112.696583
112.106034
112.406470
112.574623
112.220496
112.252838
111.776162
112.013522
111.668911
112.255680
112.290365
112.112688
112.468749
111.661529
112.479670
112.300430
112.005844
111.861976
111.991993
112.193003
111.778699
111.727300
111.747890
112.186904
111.478616
111.581574
112.138338
111.764666
112.125722
111.515176
111.776476
112.176895
111.412685
111.687684
111.697253
111.315747
111.421257
111.667080
111.534528
111.834497
111.854209
111.111492
111.525454
111.524391
111.771273
111.643344
111.432052
111.513911
111.742840
111.239643
111.603600
111.877107
111.373044
111.572500
111.490698
110.829680
111.569532
111.617086
111.235109
110.861969
111.034535
111.385024
111.854564
111.897643
111.107492
111.815985
111.291066
111.356817
111.457419
111.744545
111.740439
111.393618
111.380219
111.516669
111.503599
111.660187
110.791428
111.151612
110.653819
110.935727
110.760315
110.694384
110.412460
110.208468
110.151447
110.757407
110.642073
110.539050
111.039551
110.298039
110.999009
110.970734
109.953887
110.521479
110.353238
109.539365
110.003574
110.650813
111.053212
110.649352
110.427680
110.347887
110.975869
110.985341
110.058773
109.793768
109.758718
110.643605
110.070395
109.811671
109.382655
109.510147
109.558810
109.752044
109.411601
109.330417
109.652425
110.491470
110.101564
110.112298
109.486110
108.957072
109.659280
109.632614
110.013393
110.868455
109.930313
110.306440
109.746208
109.209361
109.310191
109.734041
109.813959
109.054954
109.334423
108.817604
109.427551
109.567887
109.041876
108.715872
109.110718
108.958961
108.784241
108.681483
108.565829
108.934836
108.798047
108.223234
107.953935
108.293569
108.356662
107.998862
107.766328
108.112556
107.995975
108.181356
107.954613
107.858449
107.983595
108.285177
107.623738
107.806058
107.577589
107.798770
107.402369
107.761254
107.965344
107.329696
107.083320
107.074110
106.986593
107.477737
106.871722
107.195857
107.472518
107.502863
107.395980
107.468975
107.449546
107.487590
107.462557
108.152941
107.827350
108.313953
107.365911
107.438262
107.030746
107.127708
107.847137
107.310589
107.783988
106.632945
106.354061
106.431400
106.330055
106.562619
106.541567
106.229072
106.140946
106.057718
105.841935
105.688696
106.342659
105.407602
106.295920
105.583830
105.395487
105.777760
105.992159
105.882753
105.690124
105.697051
104.750623
105.208278
105.078649
105.797520
105.237300
105.381987
105.264263
104.865267
104.864016
105.362377
104.583508
104.643176
104.402754
104.425531
104.483612
104.254391
104.306704
104.715675
104.128330
104.081384
103.916136
104.157679
104.562690
104.623463
103.764376
104.523423
103.460406
104.048898
103.606603
103.587779
103.576341
103.856880
104.012388
103.996336
103.525164
103.345131
103.262762
103.329809
103.224689
102.844824
103.305534
103.952492
103.136648
103.192141
103.426513
103.168938
103.540439
103.151702
103.885888
103.502797
103.020559
103.191552
103.126429
103.625668
102.848348
102.969611
103.150723
103.380963
102.970678
102.595250
102.918991
103.054417
102.954323
103.400373
103.453851
103.156146
103.305054
102.802160
102.934500
103.303495
102.829627
102.790714
103.579876
103.497378
103.006656
103.149848
102.281636
102.681726
102.601094
102.716031
102.722675
102.051637
102.900232
102.941331
103.045665
102.424958
102.483342
102.092529
102.819317
103.149904
102.616438
103.434561
103.041448
103.111426
102.459149
102.953495
102.374884
103.133884
103.080919
103.243858
102.299810
102.728734
102.764687
102.571403
102.117814
101.538932
102.598491
102.354895
102.192782
102.667815
102.316985
101.943050
101.688172
101.910333
103.039882
102.621704
102.654543
102.520796
102.643551
102.992381
102.574943
102.750328
102.408066
103.003570
102.670309
102.908723
102.342771
102.755656
102.145579
102.453960
102.920518
102.105302
102.488655
102.541333
102.585860
102.403387
103.073489
102.078670
102.918044
103.107730
103.117626
102.036725
102.314724
102.877310
101.914011
102.219821
102.555833
102.708850
103.199205
102.538613
102.504059
102.841748
103.057171
103.015616
102.859448
102.310087
102.486873
103.270269
102.911782
102.769768
103.217162
102.707075
102.921336
103.070362
103.054421
103.133365
103.140291
102.845536
103.344235
102.956049
103.541537
104.108998
103.547732
103.263896
103.470418
103.200319
103.621298
103.343162
103.928310
103.704489
103.370184
103.712979
103.200613
103.249835
103.065153
103.373067
103.587301
103.393293
103.349931
103.327223
103.233803
102.791627
103.565711
103.422188
102.723579
102.573230
102.970451
102.867109
102.569410
102.301833
102.867316
103.000930
102.933283
102.813115
102.563049
102.991699
102.729229
102.790603
102.841533
102.560999
103.224954
103.525091
103.473849
103.950295
103.398433
103.518756
103.658661
103.941649
103.529770
103.359152
103.785835
104.191979
103.470608
103.815742
103.952142
103.842217
103.479062
103.166749
103.327999
103.440121
103.399169
103.192078
103.076755
103.266495
103.401819
103.381599
103.078714
103.308053
103.615086
102.846431
102.638434
103.727838
103.387407
103.284867
102.833524
103.473152
103.300435
102.736532
103.603518
103.321872
102.925435
103.059369
102.618770
103.333557
103.279828
103.134451
103.584155
102.565182
102.824444
102.591678
102.742203
103.038796
103.081767
102.998112
103.034906
103.796772
103.973096
103.189046
102.884261
103.815420
103.003393
103.199301
102.846203
102.666706
102.958444
102.787847
102.906040
102.985362
102.718988
102.773735
102.926893
103.214423
103.001865
103.170575
103.259712
103.154603
103.536207
102.843070
103.206126
103.998125
103.424063
102.441363
103.254413
103.250503
102.485322
103.752667
103.105616
103.429616
103.498458
103.262602
103.300345
103.248506
103.898278
103.646255
103.534629
103.385186
104.054675
104.187400
103.999504
103.631540
103.667200
103.112971
103.618722
103.549505
103.271390
104.143924
103.864754
104.432633
104.507126
104.274259
104.475139
104.137422
105.031528
104.485724
104.455924
104.290411
104.279799
104.764399
104.664443
104.399256
104.200142
104.575534
105.366637
104.788437
104.909630
105.297192
104.553249
104.826458
104.744160
105.480210
105.805702
105.430304
105.251197
104.936678
105.763928
105.201090
105.334913
105.071881
105.129956
105.598914
105.264455
105.648028
105.303162
104.944025
104.955778
105.316761
105.073918
105.056827
105.687324
105.294050
105.389670
105.511306
105.324968
105.735492
104.981318
105.288696
105.240428
105.284626
104.840116
105.548823
105.560008
105.054941
105.525896
105.448631
104.968875
105.137267
105.717258
105.526304
105.311786
105.260907
105.462400
105.384375
105.324747
105.025657
105.848849
105.876956
105.157444
105.729234
105.354495
105.547887
105.574374
105.522263
106.208858
105.670757
105.401084
105.404961
105.972210
105.007813
105.307123
105.930384
105.618024
105.632827
106.221125
105.761592
105.298908
105.473262
105.189524
105.962222
105.540150
105.800835
105.998431
105.541805
105.373341
105.608290
105.266188
105.461903
105.803844
105.307091
105.390567
105.219660
105.446315
105.077874
104.673517
105.384195
105.514610
105.334797
105.183457
104.861340
105.517186
105.301560
105.108457
105.557378
104.625439
105.404756
104.883592
104.384664
104.781263
105.171298
104.916082
104.571101
104.868198
104.643166
105.083994
105.195650
104.555107
104.633682
104.958831
104.571838
104.552938
104.551569
105.079178
105.030122
104.785966
104.955532
105.349651
104.685777
104.427000
105.215376
105.018557
104.833715
105.225556
105.221277
104.466275
105.099438
105.982251
105.465516
105.615580
105.703239
105.440953
105.733702
105.701626
105.633556
105.412632
105.603053
105.129569
105.295405
104.776849
104.875924
105.053110
104.758569
104.903224
104.970914
105.180378
105.352680
104.986851
105.531569
105.424305
105.381081
105.307337
105.407326
105.645743
105.791237
105.811958
105.473648
105.627063
105.695263
105.092118
105.040759
105.137310
105.448905
105.504888
105.076726
104.848451
105.473793
104.970766
105.012307
105.055666
105.434137
105.740076
105.337153
105.534646
106.037437
105.215897
105.914209
105.647874
105.952945
105.522084
105.441529
105.703512
106.239014
105.914426
105.590358
105.504676
105.598642
106.616333
105.948107
106.310887
106.809927
105.724913
106.738222
106.288312
106.090297
106.430275
106.423311
106.812313
106.349152
105.966101
106.428685
106.104885
106.615013
106.171263
106.371086
106.535072
106.497242
106.750703
106.865783
106.360764
106.844349
105.827600
106.984581
106.931930
106.619570
107.053417
107.217819
106.803547
106.789477
107.263882
106.726188
106.933940
107.491487
107.140948
106.402110
106.432904
106.943252
107.229923
106.400196
107.187726
107.218173
107.566393
107.064411
107.018782
106.344123
107.648970
106.712400
106.736525
106.889011
107.551665
107.682766
107.098406
107.465708
107.039892
106.676692
107.263876
106.638586
107.303075
107.359847
107.216990
107.504820
107.709997
106.992277
106.777042
106.502781
107.871491
106.986899
107.418848
106.879599
107.481125
107.086608
106.746480
107.103954
106.914297
107.229338
107.213138
107.565374
107.189884
107.013775
106.995174
107.737243
107.305155
106.557737
107.016864
107.242594
107.767330
107.454137
106.711708
107.908836
107.096805
107.491146
106.809901
106.488268
106.880814
106.408307
108.036473
107.658010
107.421569
107.819195
107.707606
107.785580
107.911049
107.464264
107.134498
107.559160
107.567252
107.491645
108.050736
107.311440
107.306153
107.698782
107.271401
107.756278
107.355337
107.512601
108.255948
107.594264
107.370811
107.740954
107.136368
107.200937
107.721137
107.825142
108.019359
107.393748
107.892578
107.422070
107.319875
107.780592
107.046241
107.253779
107.216113
106.720584
107.256593
107.052916
106.391045
107.058386
106.723175
107.302863
106.606190
106.881470
107.171088
106.922213
107.199094
106.398631
107.314113
106.977265
107.287277
107.022559
106.932681
106.564537
106.812552
107.490591
107.519235
106.822954
105.967853
106.840252
106.793173
106.961779
107.208273
107.396702
107.256447
106.996943
106.467585
106.824863
107.579163
106.982463
106.917998
106.993540
107.087974
106.352554
107.033136
107.083344
107.532440
107.304006
106.723760
107.384371
106.826339
106.487232
106.626684
107.050832
107.324224
106.950273
106.845761
106.783127
106.626051
106.828396
105.853103
106.522523
106.301869
106.973401
106.557866
106.634437
106.362993
107.113010
106.962064
106.708947
106.401967
106.440371
106.928818
106.638999
107.086051
106.409942
106.829146
107.404151
107.023582
107.031599
107.434694
106.229889
106.615327
106.620704
107.041209
107.133926
106.760930
107.395760
106.921887
107.449656
106.839234
107.076044
106.827814
107.244009
106.748115
106.957994
107.179821
107.102861
107.431672
107.201612
106.973584
107.041633
106.999353
106.965215
106.999380
106.901173
106.560594
107.260580
106.913208
107.252310
107.081935
106.576718
106.899009
107.009090
107.077416
106.258980
106.984247
106.853444
106.366304
106.608505
106.357290
106.288828
106.494455
106.513051
106.973511
106.571570
106.404786
107.230159
106.909710
106.273543
106.582721
106.887347
106.911981
106.315966
106.949696
106.885642
106.770527
107.092437
106.861846
106.982534
107.344684
107.261426
106.752261
107.336271
106.953088
107.280650
107.224960
106.668611
106.967256
107.115018
106.815137
107.114704
107.172617
106.964843
107.016420
107.476231
107.137796
106.881393
106.543991
107.093572
107.256420
107.531265
107.183647
106.756726
106.777145
107.577213
107.250321
107.718020
107.497578
107.318301
107.221387
107.046233
107.337023
107.234845
107.274393
107.307859
107.270484
107.623663
107.268746
107.494364
107.784041
107.722155
107.674945
107.711543
107.798676
107.425672
107.757495
107.641223
107.286339
107.621243
107.279170
107.181257
107.155780
107.343469
107.457799
107.451646
107.312444
107.485932
107.764242
106.950099
106.522866
107.222288
106.719269
106.761220
106.390483
106.997613
106.193218
106.482263
106.737378
106.869214
106.484955
106.589981
106.373384
106.469587
106.816631
106.826619
106.994873
106.651915
107.232433
106.997472
107.128370
107.272944
106.658534
106.698499
106.277048
107.717330
106.722612
106.918665
106.295613
106.871206
107.090327
106.737458
106.561751
106.731658
106.001523
106.611742
106.833323
106.609933
106.459637
106.646953
106.746134
106.016944
106.463305
107.230159
106.168585
106.606202
107.234496
107.023939
106.585309
106.815389
106.728057
106.544673
106.944933
106.779415
106.910680
106.541031
106.446066
106.810604
107.370751
107.012581
106.859550
107.178821
106.867188
107.642541
107.181531
107.288598
106.956552
107.403693
107.449977
107.382245
107.187766
107.224001
107.643685
107.740384
107.422117
107.386305
107.306212
107.275985
107.267162
107.274725
108.156180
107.457271
107.599722
107.423248
107.166345
107.847499
107.366381
107.547886
107.122630
107.034312
107.355796
106.952086
107.495961
107.053647
107.221111
106.967346
108.413996
107.033363
107.550290
107.809808
107.873690
107.981743
107.810092
108.219910
108.052853
107.903447
107.801206
107.608887
107.335477
108.128513
108.223070
107.687922
107.712811
