0.000000
0.052671
0.120302
0.101271
0.263343
0.221314
0.180433
0.209624
0.040214
-0.058550
-0.146519
0.001467
0.009416
-0.045252
-0.160470
-0.220276
-0.280481
-0.280013
-0.196998
-0.176572
-0.311811
-0.240188
-0.253805
-0.404010
-0.453147
-0.420801
-0.392172
-0.464028
-0.364480
-0.451023
-0.420827
-0.470699
-0.583473
-0.505557
-0.514738
-0.479551
-0.445034
-0.448700
-0.709194
-0.698187
-0.687007
-0.708958
-0.560795
-0.641790
-0.550896
-0.604191
-0.594288
-0.663329
-0.701704
-0.672719
-0.672574
-0.814712
-0.850005
-0.867957
-0.680758
-0.656248
-0.849445
-0.844768
-0.862887
-0.864940
-0.750408
-0.670302
-0.529930
-0.472554
-0.570727
-0.560447
-0.715702
-0.822052
-0.913641
-0.990063
-0.907130
-0.884033
-1.043124
-1.015293
-1.136364
-1.082866
-1.056216
-1.122272
-1.090785
-0.902743
-1.019934
-1.114807
-0.995565
-0.896666
-0.811485
-0.831152
-0.915986
-0.920395
-0.889083
-0.883312
-0.903854
-0.832644
-0.931946
-0.946023
-0.889716
-0.965485
-1.002741
-0.973080
-0.948756
-1.029750
-1.016384
-0.974203
-0.858935
-0.988685
-0.930102
-0.871005
-0.802470
-0.694489
-0.712784
-0.776075
-0.810856
-0.565554
-0.484959
-0.521795
-0.503922
-0.565085
-0.627074
-0.611253
-0.386246
-0.577515
-0.632261
-0.699228
-0.636559
-0.743552
-0.778345
-0.589752
-0.703387
-0.477801
-0.615334
-0.474724
-0.417130
-0.495837
-0.806037
-0.818392
-0.643496
-0.677276
-0.522794
-0.397558
-0.486779
-0.457482
-0.441710
-0.421952
-0.254283
-0.033149
-0.042449
-0.007883
-0.022852
-0.076437
-0.034535
0.060932
0.148034
0.071579
0.152192
0.156597
0.290975
0.351706
0.335756
0.425214
0.563493
0.639440
0.679298
0.696308
0.622393
0.531790
0.656385
0.728373
0.737353
0.754241
0.860383
0.786316
0.835771
0.761147
0.793485
0.753716
0.616474
0.550789
0.587826
0.681013
0.686373
0.690780
0.729022
0.786099
0.781899
0.857991
0.887076
0.903532
0.911899
1.063427
1.286118
1.379955
1.605725
1.527733
1.320725
1.249667
1.288848
1.390773
1.307236
1.182010
1.308583
1.145428
1.143488
0.994796
1.005472
0.970664
0.874723
0.897432
0.979787
0.836444
0.881022
1.046736
1.175379
1.392235
1.379875
1.457921
1.376305
1.497711
1.393189
1.378013
1.540731
1.716149
1.556988
1.606515
1.410859
1.291411
1.339740
1.299082
1.302483
1.214536
1.172639
1.172272
1.126207
1.330783
1.268948
1.266068
1.335615
1.291454
1.272261
1.126753
1.298628
1.363412
1.678740
1.674508
1.521467
1.453640
1.395368
1.569385
1.574773
1.590175
1.749292
1.652910
1.572501
1.670888
1.538711
1.481888
1.430404
1.442147
1.475253
1.457368
1.404793
1.460742
1.475556
1.314247
1.254159
1.184579
1.026765
1.057726
1.125669
1.121484
1.057512
0.972730
1.074234
1.158101
1.210249
0.963695
1.021214
1.057939
1.065603
1.181231
1.214096
1.164028
1.201733
1.228550
1.315577
1.435286
1.230654
1.041747
1.041410
1.073600
1.155818
1.176446
1.026426
1.059257
1.121101
1.140125
1.095274
1.178543
1.185078
1.231878
1.334867
1.306605
1.259922
1.333745
1.417907
1.457807
1.380862
1.202180
1.268302
1.296928
1.541008
1.551581
1.600041
1.521577
1.710834
1.872553
1.775481
1.782817
1.616427
1.605013
1.507763
1.592385
1.465767
1.433272
1.410065
1.386740
1.118028
1.095857
1.282371
1.258227
1.517201
1.520292
1.541774
1.485937
1.483644
1.412798
1.387846
1.124798
1.252547
1.219346
1.079291
0.968151
1.063390
1.138499
1.087860
0.967949
0.946932
1.020668
0.987657
0.883794
0.947964
0.985128
1.080830
1.031672
0.965401
0.812494
0.687812
0.484734
0.512648
0.464872
0.468223
0.487864
0.459871
0.498963
0.370745
0.395176
0.404180
0.357712
0.384026
0.430603
0.537567
0.567692
0.739743
0.562174
0.504931
0.561962
0.585178
0.527810
0.437864
0.341302
0.248441
0.302484
0.221545
0.169578
0.431305
0.551855
0.553275
0.497269
0.576547
0.647728
0.718821
0.653450
0.653102
0.678588
0.722988
0.785958
0.877422
0.878936
0.928768
0.963003
0.860698
0.863597
0.873964
0.975358
0.992019
0.955156
0.983648
1.115022
1.101240
1.250402
1.358248
1.388128
1.400422
1.353824
1.590254
1.551881
1.717469
1.682558
1.554939
1.460432
1.462103
1.622527
1.725335
1.724550
1.617114
1.638978
1.673606
1.617999
1.563320
1.506661
1.656981
1.581443
1.534391
1.563486
1.725523
1.673327
1.710608
1.785492
1.778837
1.651147
1.657344
1.616888
1.626775
1.892185
1.855428
1.936847
2.010317
2.084101
2.181975
2.304977
2.460696
2.462136
2.601085
2.655434
2.675397
2.712874
2.595302
2.679009
2.669554
2.716035
2.729624
2.813812
2.792754
2.923896
2.959946
3.101503
3.066140
3.243599
3.208919
3.086840
3.151364
3.069262
3.114371
3.006506
3.092564
3.298166
3.165482
3.180100
3.175396
3.070014
3.083015
3.139620
3.219387
3.306897
3.351115
3.367417
3.326494
3.350995
3.390891
3.501360
3.482494
3.461126
3.324175
3.424954
3.350881
3.373098
3.544856
3.545056
3.588217
3.583780
3.503217
3.702304
3.665145
3.825612
3.853031
3.943663
4.054385
4.181178
4.334220
4.563246
4.757653
4.713520
4.702011
4.775243
4.793184
4.988456
5.015210
5.099636
5.095950
5.156255
5.128966
5.028993
5.072578
5.263157
5.392753
5.397180
5.484985
5.653635
5.613456
5.685631
5.653634
5.673440
5.751334
5.851667
5.986859
5.969190
5.857178
5.829024
5.843295
5.870417
5.988201
5.850206
6.017517
6.000737
5.986310
6.044316
6.167587
6.162165
6.175290
6.268301
6.361865
6.389948
6.499802
6.618171
6.842680
6.969030
7.044799
6.995861
6.992145
7.094721
7.125829
7.382601
7.419084
7.547060
7.629544
7.810355
7.856939
7.866093
7.914124
8.091813
8.084169
8.220851
8.297099
8.284551
8.288130
8.289533
8.198631
8.375368
8.292667
8.243056
8.420220
8.365377
8.479778
8.245737
8.124971
8.243773
8.401185
8.480210
8.576505
8.607608
8.552833
8.403877
8.325260
8.362388
8.474750
8.394747
8.316398
8.391080
8.420325
8.377562
8.235956
8.252126
8.293203
8.325776
8.357627
8.382677
8.332683
8.211965
8.108870
8.057628
8.049627
8.005019
7.944505
7.850910
7.939763
7.947124
7.977264
8.099264
8.071338
8.088963
8.037628
8.236070
8.323087
8.316920
8.290295
8.255896
8.288609
8.340522
8.400588
8.229027
8.379980
8.574213
8.531108
8.614280
8.695572
8.739003
8.752961
8.703586
8.838130
8.754922
8.901938
9.159719
9.205165
9.244451
9.341042
9.289179
9.130964
9.046540
9.109158
9.134805
9.170079
9.288980
9.342422
9.302637
9.313157
9.394069
9.423249
9.558192
9.582517
9.749183
9.778421
9.698801
9.664436
9.696501
9.716380
9.750242
9.681749
9.586075
9.765046
9.770817
9.814289
9.781217
9.770365
9.814558
9.886391
10.010676
9.783129
9.675221
9.586764
9.667663
9.637523
9.607820
9.485241
9.509206
9.547239
9.691998
9.714211
9.693893
9.699724
9.587371
9.757711
9.713818
9.677311
9.770984
10.012107
10.111103
10.266363
10.296211
10.368102
10.594657
10.583477
10.474302
10.618909
10.538127
10.681143
10.805912
10.688139
10.681780
10.840258
10.912061
10.876089
10.911097
11.093520
11.177433
11.172094
11.097930
11.331902
11.337024
11.394735
11.508569
11.519060
11.521677
11.599868
11.695984
11.745088
11.814761
11.790953
11.944421
12.004965
12.060404
12.150920
12.258458
12.420019
12.439431
12.450563
12.423695
12.622457
12.535036
12.687311
12.705911
12.659437
12.680007
12.624342
12.729227
12.934198
12.988540
12.879511
12.757991
12.735114
12.713556
12.902819
13.146027
13.286699
13.403393
13.359881
13.381166
13.488656
13.536302
13.462417
13.430824
13.460780
13.650226
13.586540
13.749230
13.767750
13.770738
14.000495
13.994451
14.050261
14.122531
14.115732
14.205303
14.125989
14.158044
14.360748
14.336647
14.273399
14.386898
14.415001
14.365118
14.379558
14.508371
14.694292
14.728536
14.521746
14.631948
14.674884
14.555382
14.671031
14.735356
14.815612
14.687675
14.648958
14.702946
14.636444
14.714467
14.767946
14.720654
14.648994
14.725283
14.522526
14.616968
14.653632
14.669198
14.639833
14.625990
14.671736
14.739147
14.744817
14.866415
14.881577
14.947855
14.940871
14.988998
15.116282
15.338305
15.329346
15.373186
15.459566
15.432271
15.436885
15.379059
15.623422
15.662887
15.693378
15.626047
15.646668
15.805728
15.906603
15.969278
16.046011
16.105445
16.048697
16.225455
16.058197
16.232216
16.176583
16.304438
16.324884
16.329680
16.534268
16.698711
16.842791
16.926981
16.880404
16.806618
16.805461
16.879296
16.983213
17.115115
17.171180
17.116512
17.212590
17.292521
17.401349
17.488797
17.602279
17.637141
17.794999
17.624762
17.619106
17.700091
17.819014
17.917866
18.039029
17.993383
17.988770
18.075290
18.104574
18.153912
18.284884
18.228876
18.372200
18.411759
18.468599
18.426861
18.575616
18.646311
18.428725
18.416732
18.519437
18.558651
18.773790
18.993012
19.056524
19.086284
19.356901
19.422568
19.480827
19.474156
19.455697
19.448988
19.460489
19.373596
19.276780
19.339440
19.361477
19.445600
19.311630
19.349278
19.424930
19.446606
19.606991
19.849916
19.831821
19.702739
19.779099
19.671137
19.673882
19.886302
19.911544
19.747566
19.776938
19.813310
19.840398
19.906188
19.846515
19.887433
20.009051
20.155393
20.145466
20.082771
20.131235
20.169959
20.164783
20.230558
20.405891
20.550732
20.534432
20.465166
20.616242
20.805835
20.884801
20.921727
21.052243
21.232096
21.383107
21.322894
21.260796
21.278250
21.458318
21.452534
21.334414
21.480317
21.407916
21.455716
21.425477
21.429238
21.534997
21.542496
21.584687
21.609465
21.717813
21.839469
22.008408
22.049675
21.945031
21.876956
22.101668
22.219165
22.093252
22.068123
22.104338
21.958965
21.904995
22.165948
21.965543
22.127978
22.059320
22.067583
22.386705
22.465264
22.627495
22.712050
22.792322
22.907495
22.997851
23.163073
23.038335
23.001589
22.995196
22.836177
22.999468
23.051888
23.162195
23.276595
23.315790
23.355078
23.474345
23.596906
23.652202
23.821391
23.801828
23.762795
23.756876
23.909803
24.040441
24.034937
24.174054
24.352776
24.448459
24.507416
24.551836
24.544301
24.524896
24.395065
24.454928
24.579779
24.478886
24.461072
24.602181
24.633696
24.753201
24.813918
25.004985
24.756727
24.990654
25.066735
25.202071
25.303357
25.463533
25.559690
25.613539
25.598705
25.600524
25.572662
25.628184
25.650886
25.789043
25.778012
25.697901
25.703936
25.784723
25.924538
26.018172
26.099193
25.909213
26.105255
26.256488
26.321284
26.315645
26.433034
26.476104
26.532721
26.445502
26.445318
26.448152
26.456329
26.543957
26.661432
26.819458
26.940546
26.838138
26.929564
26.895481
26.830549
26.796139
26.819567
26.822048
26.882871
27.012681
27.045036
26.843024
27.138315
27.191203
27.248001
27.185018
27.312769
27.413548
27.537784
27.559923
27.627077
27.561684
27.635210
27.709646
27.744671
27.643415
27.691096
27.729874
27.789988
27.722227
27.742346
27.927832
27.874565
27.982513
28.199833
28.176998
28.210589
28.366781
28.392180
28.366201
28.265060
28.527230
28.568042
28.609462
28.449108
28.369077
28.388251
28.291126
28.556706
28.637462
28.741175
28.738170
28.980236
29.113652
29.078155
29.287186
29.316855
29.252788
29.402600
29.416723
29.434443
29.705742
29.730987
29.865838
29.861152
30.064684
29.939001
29.932517
29.798277
29.740822
29.806642
29.829377
29.904092
30.166446
30.391313
30.364684
30.407692
30.457778
30.377013
30.316114
30.469506
30.273368
30.381524
30.569989
30.701826
30.588975
30.603884
30.703898
30.701086
30.657154
30.788799
30.917988
30.808428
30.990183
31.005104
31.145268
31.147089
31.383974
31.456480
31.436601
31.542129
31.672264
31.841045
31.865237
32.127642
32.254263
32.373479
32.408066
32.499521
32.635060
32.788322
32.801242
32.912842
33.027049
33.096593
33.058196
33.198135
33.239972
33.159348
33.319192
33.440640
33.512777
33.653430
33.773824
33.629155
33.653034
33.793281
33.969783
34.109265
34.300218
34.333310
34.225850
34.193485
34.110469
34.117875
34.136161
34.094667
34.150471
34.237319
34.420407
34.457226
34.487350
34.462705
34.567857
34.641861
34.688788
34.846850
34.732308
34.651803
34.711957
34.686819
34.773590
34.767530
34.779152
35.012516
34.949917
35.099246
35.248164
35.204488
35.373915
35.496995
35.604338
35.776016
35.821194
35.736156
35.861948
36.042909
36.167560
36.232376
36.321903
36.375383
36.399160
36.639965
36.577967
36.595587
36.693191
36.682761
36.658399
36.718105
36.852019
36.861210
36.978614
37.054117
37.170992
37.325320
37.317291
37.453962
37.629388
37.621282
37.720775
37.767521
37.704946
37.716339
37.989289
38.007265
38.042343
38.118628
38.189070
38.210894
38.157824
38.203321
38.355472
38.485986
38.527277
38.492572
38.860465
38.799587
38.920680
39.049022
39.109675
39.191791
39.240118
39.328095
39.438284
39.603592
39.719212
39.999083
40.119532
40.247243
40.276748
40.445276
40.392568
40.393530
40.442489
40.755513
40.688537
40.860896
40.774606
41.032132
41.016122
40.823900
40.928039
40.898931
40.878755
40.861842
40.834475
40.993185
41.069639
41.110854
41.444065
41.660502
41.759582
41.869568
41.937420
42.121455
42.063293
42.056848
42.254088
42.322844
42.480784
42.490963
42.682032
42.564946
42.572598
42.580163
42.589503
42.746818
42.880854
42.928451
43.056070
43.051061
43.165279
43.305675
43.384793
43.497914
43.709536
43.737213
43.838374
43.930069
44.172341
44.264754
44.235791
44.491410
44.481116
44.445971
44.481953
44.555142
44.536896
44.662024
44.671320
44.638061
44.732069
44.691887
44.828093
44.949948
45.108932
45.237097
45.240980
45.341166
45.313914
45.420519
45.500130
45.637857
45.674422
45.778170
45.895655
46.040357
46.008324
46.073785
46.176427
46.355292
46.486875
46.596261
46.869284
46.967034
47.055387
47.094134
47.087744
47.214714
47.327064
47.463100
47.478235
47.748144
47.716241
47.987970
48.164589
48.167156
48.366573
48.500875
48.776716
48.819806
49.052168
49.171455
49.254070
49.079935
49.182592
49.298598
49.551315
49.583477
49.654674
49.752316
49.716637
49.857594
50.024329
50.126214
50.200242
50.226443
50.283504
50.342727
50.368963
50.418412
50.487061
50.649818
50.604153
50.629046
50.625308
50.651661
50.783310
50.813599
50.881118
51.008245
51.040310
51.127022
51.233025
51.293496
51.353678
51.512626
51.567809
51.807918
52.057076
52.172000
52.278465
52.315734
52.376847
52.436205
52.627196
52.788581
52.684067
52.905304
52.945641
53.200430
53.488309
53.583713
53.795732
53.880567
53.883740
53.884176
53.890033
53.841064
54.024597
54.014030
54.192996
54.201063
54.152506
54.255720
54.233907
54.348547
54.347204
54.201348
54.260504
54.228205
54.318108
54.154782
54.152472
53.936555
53.942264
53.963484
54.037715
54.172511
54.281528
54.135233
54.170330
54.229907
54.236628
54.148944
54.172109
54.190762
54.202140
54.194314
54.328893
54.379213
54.457565
54.455522
54.506638
54.586335
54.645487
54.874287
55.033177
55.015771
55.175850
55.189398
55.099167
55.272148
55.409054
55.514128
55.594169
55.644008
55.831505
55.945848
55.920153
56.084316
56.268586
56.255736
56.271830
56.462075
56.565002
56.450049
56.326200
56.256677
56.417109
56.612881
56.735784
56.830940
56.974217
56.879044
56.936129
56.892558
57.116058
57.195725
57.172783
57.270887
57.375391
57.255542
57.284252
57.411866
57.531092
57.708437
57.767678
57.708892
57.719066
57.636703
57.658326
57.845644
57.871329
57.752337
57.838973
57.856035
57.675279
57.788049
57.860384
57.893013
57.863793
57.991662
58.000013
58.138703
58.319789
58.427180
58.356052
58.392528
58.630568
58.638703
58.582382
58.677625
58.731452
58.642641
58.881092
58.966595
58.903330
58.988935
58.982634
59.128971
59.221748
59.410927
59.283486
59.333051
59.395851
59.270418
59.158442
59.219577
59.204190
59.380643
59.440555
59.443309
59.682556
59.684966
59.631383
59.752747
59.711003
59.755067
59.866906
59.920672
60.097980
60.123716
60.246317
60.305499
60.188426
60.270874
60.336719
60.238330
60.318688
60.490512
60.613507
60.773564
60.836908
60.952784
60.955142
61.016483
61.172193
60.952636
60.919549
60.864943
61.067052
61.075960
61.100066
61.053950
61.082525
61.140589
61.113325
61.049530
61.018003
60.939266
61.104238
61.270037
61.228148
61.218276
61.168075
61.327742
61.358975
61.660054
61.578846
61.720534
61.751835
61.839323
61.930947
61.906390
61.899122
62.059990
62.249618
62.486442
62.631628
62.539372
62.538723
62.507312
62.718726
62.822157
62.811540
62.964792
62.998280
62.964447
62.911566
63.087664
63.180234
63.256520
63.167565
63.229249
63.353115
63.455017
63.592487
63.733796
63.849058
63.839600
64.036211
64.091773
64.080730
64.227864
64.222565
64.327864
64.389099
64.559168
64.550191
64.751216
64.843315
64.841838
64.711323
64.640774
64.694865
64.718984
64.947441
65.159253
65.123005
65.374023
65.341121
65.458546
65.562841
65.754530
65.890399
66.149548
66.114390
66.406473
66.452791
66.530281
66.724365
66.828197
66.756615
66.950575
67.034382
67.008624
67.184294
67.426025
67.649306
67.594702
67.726811
67.881045
67.861792
67.849936
67.907739
68.063465
68.099222
68.229408
68.257459
68.352584
68.483538
68.452363
68.355444
68.365658
68.396138
68.519433
68.595066
68.822340
68.738064
68.793048
68.925645
69.223423
69.327143
69.521223
69.522528
69.691695
69.617139
69.692082
69.971601
70.103039
70.412551
70.543658
70.645739
70.771771
70.919880
70.977661
70.992243
71.273070
71.298898
71.463665
71.415303
71.434936
71.557812
71.460920
71.567951
71.695529
71.826443
71.964273
72.277024
72.420796
72.377085
72.477051
72.575948
72.731876
72.805971
72.851643
72.887907
72.957914
72.747182
72.940324
73.026095
73.278384
73.378668
73.481835
73.524954
73.563933
73.639008
73.728367
73.739739
73.919309
74.114351
74.165202
74.207537
74.184880
74.415786
74.401881
74.446134
74.572494
74.699850
74.859540
74.919318
75.115117
75.196748
75.223729
75.331814
75.457564
75.654839
75.900359
76.016404
76.009892
76.211311
76.332837
76.305028
76.317237
76.366657
76.254770
76.474742
76.536487
76.816920
76.957257
77.023985
77.128540
77.289403
77.498896
77.639759
77.602225
77.622667
77.729358
77.619881
77.758434
77.821744
77.918345
77.771919
77.941518
78.038238
78.135559
78.181601
78.290782
78.241073
78.235461
78.230869
78.519225
78.788473
78.871586
78.876710
79.074444
79.254662
79.559010
79.757438
79.733751
79.842023
79.834060
80.112753
80.264678
80.259613
80.198659
80.275650
80.331440
80.474820
80.451070
80.645092
80.583246
80.461215
80.726831
80.718289
80.639664
80.774330
80.825121
80.942407
80.983894
81.047289
81.073823
81.050871
81.045780
81.146541
81.299936
81.415418
81.535123
81.624461
81.699945
81.788673
81.827562
81.939060
82.132810
82.279166
82.338761
82.515854
82.476572
82.545943
82.629176
82.824109
82.787833
82.880988
83.017812
83.341995
83.545463
83.674576
83.873012
84.037906
84.058090
84.229094
84.413080
84.400370
84.464416
84.490352
84.612503
84.548696
84.655264
84.832863
85.233350
85.293690
85.471627
85.387906
85.403998
85.532564
85.492542
85.655975
85.530930
85.687196
85.718238
85.757847
85.761698
85.869707
85.846201
85.704321
85.923213
85.939151
86.139296
86.144484
86.227271
86.329492
86.436164
86.429314
86.527166
86.504922
86.647989
86.824215
86.821561
86.719240
86.611384
86.477854
86.536766
86.506125
86.625006
86.728536
86.817651
86.948579
87.046199
87.118645
87.173545
87.145755
87.077430
87.024631
87.004441
87.077514
87.210645
87.179704
87.162919
87.105431
87.134319
87.161596
87.187468
87.249110
87.248411
87.198279
87.384441
87.432642
87.604176
87.573666
87.763536
87.733216
87.737957
87.901311
88.126281
88.300288
88.349752
88.360311
88.553436
88.579296
88.501977
88.492429
88.509890
88.571053
88.595518
88.688393
88.764958
88.689508
88.643501
88.631817
88.790263
88.700681
88.794343
88.673631
88.730000
88.573700
88.651156
88.784443
88.769032
88.792402
88.995424
89.102746
89.111901
89.343445
89.568617
89.764533
89.885089
89.804791
89.967186
89.877887
89.929654
90.085672
90.332222
90.358803
90.392149
90.547455
90.489257
90.616320
90.766509
90.834717
91.022256
91.048567
91.146964
91.148979
91.167080
91.281078
91.313743
91.424657
91.701618
91.702674
91.751889
91.921843
91.907136
91.972414
91.972708
92.065298
92.326415
92.347575
92.442109
92.537541
92.648221
92.766534
92.963244
93.340544
93.425803
93.540007
93.790692
93.679340
93.538886
93.390223
93.240316
93.462208
93.433773
93.493458
93.415128
93.203638
93.213129
93.274344
93.233391
93.283230
93.292312
93.298405
93.573173
93.444339
93.433609
93.412309
93.628719
93.772299
93.713125
93.685290
93.791044
93.842652
93.916277
93.808603
93.956061
94.079931
94.126111
94.109313
94.212528
94.167943
94.371752
94.525989
94.658781
94.621771
94.581000
94.657699
94.596840
94.713158
94.617813
94.631486
94.653556
94.671095
94.790529
95.013766
95.198342
95.337534
95.504803
95.447868
95.490866
95.668910
95.781996
95.821725
95.724722
95.912069
95.958932
95.982877
96.017567
96.187128
96.397187
96.612802
96.640809
96.645717
96.634300
96.779289
96.859474
96.819721
96.796322
96.823793
96.982609
97.024579
97.071650
97.213782
97.328676
97.421450
97.324514
97.415676
97.416428
97.462861
97.525073
97.676944
97.782234
97.769411
97.822938
97.848797
97.856407
97.878350
98.028423
97.924865
97.927010
97.959068
98.008226
98.239961
98.317847
98.282754
98.283835
98.568059
98.574998
98.663115
98.840326
98.648008
98.803616
98.547166
98.616417
98.561657
98.615535
98.707139
98.660798
98.673381
98.790845
98.831214
99.053257
99.121600
98.916497
98.950879
98.849654
99.073172
99.137886
99.017862
98.995196
98.877817
99.059071
99.241796
99.094925
99.074147
99.115578
99.169375
99.258237
99.405277
99.465946
99.527956
99.484010
99.515924
99.655884
99.771746
99.805381
99.874583
99.800575
99.826407
99.729071
99.564334
99.541831
99.571393
99.817451
99.968616
99.926906
99.917546
100.105047
100.193102
100.081461
100.238677
100.168196
100.104885
100.096887
100.032471
99.935434
99.904533
99.917675
99.954480
100.034574
100.024650
99.943914
99.992504
100.023321
100.178046
100.133414
100.106517
100.310018
100.411310
100.518785
100.598290
100.463737
100.289455
100.415315
100.642082
100.609651
100.637900
100.575263
100.402484
100.408467
100.478106
100.530743
100.619496
100.680526
100.737651
100.708648
100.688843
100.654385
100.513177
100.436433
100.568481
100.364564
100.429383
100.479611
100.447617
100.421758
100.387615
100.435251
100.520376
100.587267
100.705158
100.647658
100.787266
100.868542
100.814231
100.835679
100.858970
100.947489
100.915958
100.845357
100.898148
100.957708
100.954028
101.120184
101.273824
101.212811
101.275761
101.313078
101.161548
101.208571
101.177056
101.318890
101.309047
101.198071
101.278200
101.110145
101.047178
101.120212
101.097171
101.238097
101.391117
101.301948
101.172008
101.316740
101.428772
101.399655
101.512392
101.551282
101.612134
101.771450
101.886391
101.871150
101.763332
101.676566
101.625022
101.655155
101.729155
101.848622
101.919518
101.890981
102.006589
101.957686
101.773410
101.709030
101.580816
101.589968
101.689952
101.786932
101.699366
101.672646
101.686110
101.674710
101.740231
101.721250
101.801753
101.952705
101.848001
101.877537
101.928634
102.013958
102.122567
102.177960
102.189495
102.119663
101.973688
102.046244
102.072316
102.149434
102.324583
102.448536
102.476301
102.411145
102.393145
102.322545
102.271050
102.388594
102.511628
102.693398
102.670329
102.787494
102.748246
102.666017
102.646665
102.705731
102.742270
102.761363
102.902626
102.896691
102.874283
102.968009
103.004173
103.013552
103.094155
103.112294
103.316473
103.249243
103.256457
103.367312
103.415477
103.599032
103.643467
103.796609
103.830649
103.820881
103.769470
103.843189
103.815825
103.964054
103.848608
103.925754
103.897177
103.985931
103.819409
103.933186
103.943128
104.040757
103.936996
103.810804
103.821191
103.861623
103.968466
103.975590
104.037912
104.223019
104.203088
104.311086
104.282918
104.234965
104.337895
104.421989
104.539280
104.642607
104.763907
104.776184
104.958119
104.888543
104.843727
104.733213
104.758305
104.887043
104.902090
104.987041
105.034881
104.970333
105.070254
105.161862
105.336299
105.465085
105.437470
105.512247
105.554544
105.827513
105.935112
106.071256
106.109823
106.137373
106.190905
106.382156
106.295263
106.222603
106.284125
106.238421
106.135337
106.221344
106.256121
106.451585
106.500195
106.447028
106.591178
106.601087
106.580706
106.464368
106.432496
106.340888
106.444143
106.381144
106.299533
106.438916
106.477672
106.578494
106.382745
106.417387
106.346128
106.409127
106.275443
106.585369
106.692563
106.516981
106.523698
106.545111
106.563242
106.643738
106.468631
106.550001
106.441066
106.444694
106.399098
106.570787
106.674976
106.767546
106.824102
106.981717
107.069177
107.077767
107.017435
107.035392
107.068306
107.185918
107.297005
107.378815
107.211327
107.188214
107.346278
107.287964
107.378923
107.517819
107.322787
107.288863
107.049120
107.127511
107.271105
107.385961
107.427759
107.408768
107.367829
107.386653
107.430471
107.469855
107.801710
107.702784
107.667745
107.558484
107.515525
107.641050
107.583332
107.674574
107.624919
107.676800
107.624360
107.595963
107.517965
107.377529
107.471914
107.460625
107.384765
107.475723
107.453506
107.506572
107.480205
107.589700
107.489449
107.622868
107.784757
107.979200
108.066314
108.140843
108.125277
108.025748
108.164786
108.345426
108.327764
108.356937
108.485293
108.572708
108.609473
108.812041
108.766858
108.755750
108.807665
108.915804
108.978606
108.987764
109.012399
109.010815
109.027742
108.991743
108.927131
108.928138
109.112919
109.043900
108.926435
109.092648
109.160089
109.066553
109.122379
109.205864
109.212396
109.260361
109.081524
109.101825
109.068435
109.171875
109.288091
109.280279
109.134825
109.241888
109.379243
109.338813
109.531498
109.565962
109.606971
109.429332
109.479744
109.509230
109.525179
109.785830
109.714341
109.874416
109.782084
109.887721
109.992369
110.246347
110.443518
110.528593
110.545028
110.660495
110.486778
110.632673
110.739102
110.807142
110.719087
110.822504
110.841153
110.842711
110.842310
110.948458
110.983175
111.014304
110.929886
111.024094
111.075878
111.111807
111.178088
111.113045
111.155943
111.284954
111.318960
111.363624
111.217046
111.112643
111.137628
111.262694
111.221037
111.359011
111.419442
111.495142
111.428024
111.356579
111.344520
111.379075
111.402798
111.607795
111.486622
111.386450
111.398139
111.504437
111.513763
111.565406
111.645788
111.722677
111.602534
111.688614
111.658237
111.639026
111.781150
111.910274
111.936297
112.049198
112.315347
112.404870
112.355126
112.406035
112.427712
112.493975
112.521666
112.638029
112.625548
112.586662
112.654249
112.648111
112.737408
112.643380
112.665169
112.721328
112.735111
112.873368
112.868733
112.809409
112.780072
112.869837
112.718752
112.854839
112.803002
112.803656
112.851823
113.123987
113.274791
113.206518
113.251611
113.267379
113.337115
113.400412
113.382716
113.593689
113.603712
113.928858
113.916480
114.007423
114.220064
114.146848
114.209760
114.104178
114.157569
114.183608
114.294091
114.427347
114.403401
114.519817
114.458140
114.445828
114.396940
114.387438
114.255746
114.414030
114.473524
114.625301
114.766362
114.664078
114.825180
114.739822
114.734155
114.623203
114.580449
114.551254
114.689516
114.887566
114.802463
114.779899
114.976133
114.865835
115.036509
115.082697
115.191318
115.209720
115.334465
115.348244
115.375932
115.339774
115.351294
115.310779
115.285292
115.174211
115.194542
115.257113
115.404577
115.463670
115.451140
115.538161
115.522001
115.585079
115.546559
115.533462
115.536099
115.468841
115.337204
115.342247
115.354434
115.192011
115.290888
115.345520
115.330598
115.207329
115.065652
115.099779
115.144834
115.163749
115.336514
115.323763
115.237265
115.164245
115.243942
115.538414
115.634312
115.610137
115.553107
115.672868
115.843524
115.744496
115.706418
115.748730
115.639799
115.696741
115.541176
115.456422
115.543484
115.492047
115.372616
115.386961
115.370299
115.329349
115.294750
115.293494
115.271475
115.308699
115.433940
115.448733
115.578332
115.534400
115.497209
115.538712
115.637957
115.662092
115.727297
115.698066
115.643334
115.748689
115.643278
115.706610
115.692353
115.892851
116.019385
115.986850
115.913272
115.939462
116.078989
115.912017
115.971111
115.968432
116.150090
116.143249
116.156259
116.169561
116.152942
116.381636
116.423075
116.217843
116.265204
116.228429
116.221314
116.218448
116.298626
116.321587
116.137313
116.244392
116.298229
116.285783
116.217418
116.228932
116.276572
116.375144
116.529768
116.613778
116.524000
116.482081
116.589437
116.535201
116.677852
116.690728
116.850625
117.012117
117.026227
116.953316
116.862372
117.064543
117.221859
117.220059
117.456699
117.441026
117.378599
117.396593
117.426130
117.468132
117.500704
117.432419
117.406210
117.446348
117.592798
117.658481
117.695574
117.698007
117.636480
117.604173
117.504056
117.728799
117.928893
118.081775
118.052747
118.204030
118.182920
118.141487
118.288317
118.361855
118.405512
118.419468
118.430753
118.506272
118.413040
118.536392
118.635867
118.775017
118.759301
118.775291
118.846830
118.847140
118.783713
118.986350
119.050080
119.000891
118.959110
119.007383
118.962554
119.205164
119.204318
119.316320
119.065820
119.176032
119.147693
119.326460
119.343774
119.365690
119.314242
119.450600
119.623733
119.652870
119.687299
119.670750
119.770920
119.629388
119.911957
119.880720
119.784522
119.838203
119.911240
119.852687
119.788218
119.768069
119.928361
119.835827
119.876775
119.942304
120.144725
120.136576
120.157176
120.186335
120.223664
120.220232
120.346407
120.298162
120.337864
120.453501
120.523321
120.598307
120.683575
120.667957
120.620742
120.604833
120.411678
120.452706
120.465608
120.595325
120.565159
120.650055
120.615613
120.677921
120.707443
120.556551
120.544545
120.569338
120.590419
120.753890
120.757329
120.836346
120.806123
120.831563
120.756444
120.788774
120.872707
120.914424
121.122855
121.212036
121.261423
121.323913
121.343760
121.238131
121.300805
121.306036
121.314969
121.161819
121.020932
121.069839
121.060655
121.389679
121.459627
121.507437
121.484433
121.622019
121.411601
121.701547
121.831281
121.874031
121.650512
121.589733
121.485623
121.509603
121.418996
121.381380
121.390876
121.427367
121.425517
121.336874
121.377801
121.209409
121.110161
121.168925
121.041306
121.133014
121.444804
121.370728
121.412545
121.490811
121.368707
121.160606
121.144246
121.281694
121.262549
121.218419
121.164647
121.110544
121.057847
121.104949
121.242210
121.089605
121.017419
120.786929
120.865428
120.727318
120.665021
120.449023
120.436507
120.307570
120.362118
120.215460
120.230754
120.236363
120.231275
120.153070
120.146238
120.321254
120.378808
120.511463
120.495270
120.581461
120.650583
120.779245
120.847252
120.675691
120.745746
120.866828
120.773544
120.786426
120.954046
121.077467
121.201060
121.070341
121.072592
121.122476
121.063793
120.899711
120.914471
120.843940
120.898964
120.889444
120.848275
120.772470
120.783514
120.926502
121.017920
121.059245
121.163753
121.239277
121.288759
121.458236
121.486990
121.392401
121.598416
121.764728
121.691719
121.741956
121.802081
121.708906
121.802433
121.925043
121.977966
121.871516
121.781637
121.764001
121.736501
121.853539
121.849860
121.872461
121.924095
122.144824
122.133158
122.162134
122.415782
122.388162
122.499585
122.305795
122.144580
122.196584
122.054763
122.141950
122.223210
122.318673
122.540147
122.552020
122.552718
122.420250
122.559140
122.525019
122.562187
122.574184
122.843958
122.855061
122.825426
122.852714
122.778153
122.874977
122.942229
122.968826
123.148111
123.028057
122.901285
123.064372
123.195044
123.194209
123.171514
123.204735
123.286026
123.276605
123.289798
123.182180
123.212288
123.159587
123.052561
122.969692
123.211203
123.271492
123.381729
123.434663
123.417968
123.503175
123.560506
123.550850
123.476606
123.631789
123.750340
123.671594
123.703204
123.890931
123.811612
123.920357
123.923923
123.875636
123.874072
123.933923
123.940844
123.793267
123.982928
123.905183
123.976330
123.959612
123.967068
123.978063
123.850468
124.004405
124.113380
124.092411
123.999676
123.957325
123.985550
123.964061
124.116205
124.206500
124.027157
124.016575
124.053034
124.046675
124.152199
124.080969
123.806813
123.660686
123.627284
123.568180
123.792395
123.673080
123.631608
123.623883
123.720212
123.670626
123.578031
123.574377
123.541748
123.656974
123.643530
123.692750
123.546965
123.627108
123.652807
123.630619
123.602168
123.533724
123.452878
123.426336
123.553761
123.488370
123.537708
123.364522
123.304798
123.565475
123.524033
123.657994
123.551290
123.686239
123.664537
123.598888
123.600751
123.692967
123.652725
123.640262
123.595585
123.682343
123.556977
123.563932
123.651715
123.589108
123.481287
123.623066
123.595506
123.644110
123.523504
123.429754
123.393107
123.368391
123.460276
123.262672
123.179729
123.171850
123.152336
123.028584
123.139532
123.373533
123.470266
123.594503
123.556604
123.509643
123.458740
123.599345
123.732677
123.688504
123.676914
123.745954
123.759362
123.666232
123.651212
123.653569
123.609596
123.493177
123.770982
123.634377
123.426169
123.640021
123.439549
123.525611
123.471702
123.608761
123.583948
123.499379
123.470578
123.579371
123.560383
123.595427
123.685423
123.890618
123.837077
123.878871
123.875549
123.957495
123.761759
123.601191
123.508692
123.518966
123.604277
123.633160
123.591650
123.639356
123.628030
123.581461
123.622796
123.439710
123.473786
123.342288
123.389848
123.274332
123.401956
123.344400
123.260972
123.395766
123.331945
123.180216
123.188824
123.049053
123.094068
122.899111
122.755658
122.829855
122.748136
122.517280
122.484755
122.370644
122.215102
122.091010
122.016286
121.973437
121.950564
121.824344
121.734737
121.782687
121.780664
121.787505
121.596060
121.691917
121.658744
121.719589
121.620481
121.679958
121.648819
121.679301
121.681678
121.768147
121.656871
121.748312
121.734563
121.849828
121.885014
121.981510
122.098068
121.965937
122.112677
122.029016
122.035751
122.196474
121.917772
121.874928
121.829963
121.934636
121.893692
121.888598
121.938634
122.085282
122.010573
121.910157
121.853870
121.876227
121.692806
121.692550
121.525737
121.555170
121.544442
121.576233
121.539486
121.518573
121.578115
121.540242
121.514672
121.507719
121.651170
121.668755
121.652490
121.862505
121.873626
121.809177
121.829943
121.794752
121.761602
121.913321
122.048841
121.952984
121.923820
122.062034
121.868621
121.810134
121.624929
121.489056
121.573452
121.561042
121.471923
121.385247
121.445666
121.316256
121.388408
121.492763
121.346659
121.106358
121.140633
121.072875
121.105875
121.043875
120.884603
120.843264
120.764464
120.799550
120.755370
120.640955
120.552892
120.451678
120.505383
120.613485
120.636889
120.559283
120.502446
120.375007
120.364900
120.449541
120.536660
120.462647
120.334360
120.369782
120.391420
120.425207
120.515821
120.516655
120.448248
120.413061
120.481185
120.479353
120.424462
120.244692
120.287085
120.257680
120.304591
120.398059
120.279964
120.393139
120.165081
120.132663
120.082678
120.220292
120.318645
120.454603
120.251086
120.349198
120.516849
120.567727
120.596202
120.538934
120.452017
120.341152
120.504704
120.513953
120.569285
120.644804
120.933025
120.755616
120.592076
120.483711
120.379094
120.319837
120.400444
120.364406
120.161032
120.184041
120.379352
120.450374
120.468949
120.247069
120.451561
120.607833
120.595214
120.364075
120.243838
120.321327
120.394334
120.504961
120.501189
120.559811
120.647209
120.525940
120.506396
120.584259
120.552488
120.696050
120.659059
120.556615
120.313114
120.219934
120.121993
120.078215
120.114863
120.022170
119.868715
119.661381
119.648782
119.835080
119.737216
119.801630
119.640964
119.612556
119.645227
119.517717
119.544112
119.623543
119.550583
119.471554
119.642690
119.869989
119.862809
120.099892
119.970948
119.956504
119.939355
119.936805
119.857007
119.757339
119.935438
119.919305
120.014834
119.947423
119.972250
119.821846
119.671253
119.709589
119.662007
119.661579
119.569512
119.568181
119.400380
119.318683
119.401301
119.261915
119.176672
119.089625
119.069344
119.146399
119.171071
119.116313
118.982158
118.878089
118.648107
118.561794
118.652177
118.525554
118.685426
118.695910
118.723262
118.503426
118.487613
118.461831
118.363468
118.368941
118.437553
118.563405
118.501178
118.437715
118.548114
118.350054
118.148646
118.095209
117.946008
117.784726
117.669463
117.661708
117.912997
118.009361
118.044177
118.048270
117.975547
117.954749
117.834018
118.011039
118.132941
118.152050
118.296087
118.150602
118.110282
117.971563
117.817469
117.803458
117.850441
117.934168
117.861295
117.928111
117.916987
117.985290
118.044772
118.103291
118.252633
118.377194
118.397679
118.476341
118.437546
118.426553
118.547262
118.743850
118.678265
118.782128
118.803700
118.677403
118.530712
118.569991
118.718733
118.551020
118.310939
118.375293
118.408673
118.474249
118.460689
118.318664
118.399421
118.488802
118.487802
118.443740
118.621998
118.759239
118.672340
118.680312
118.625283
118.769049
118.870754
118.713733
118.768289
118.830981
118.871534
118.890351
118.798181
118.752401
118.749221
118.735652
118.669955
118.507572
118.559945
118.814167
118.709498
118.669169
118.660978
118.705547
118.492910
118.236872
118.120006
118.232640
118.319044
118.474209
118.369639
118.306227
118.237769
118.351268
118.330923
118.328239
118.300086
118.338416
118.278572
118.193031
118.119333
117.777686
117.761963
117.772105
117.810714
117.924346
117.969258
117.858585
117.797692
117.890052
117.779413
117.781044
117.810201
117.708973
117.871656
117.952959
117.877413
117.833143
117.943781
118.036025
117.967133
117.970424
118.014889
117.989749
117.754463
117.699513
117.686663
117.649847
117.696957
117.714635
117.864743
117.849787
117.902259
117.698193
117.696773
117.541684
117.751527
117.595156
117.568874
117.482615
117.345597
117.428965
117.378974
117.351310
117.317989
117.306422
117.175541
117.174771
117.087400
117.038426
116.922124
116.966957
116.857142
116.901963
116.864493
116.647069
116.653537
116.731312
116.776298
116.742879
116.659977
116.836331
116.852992
116.817640
116.883744
116.880827
116.687009
116.755691
116.877294
116.749079
116.718008
116.618470
116.794489
116.898747
116.984500
117.050122
116.733960
116.649989
116.639856
116.534619
116.439232
116.350416
116.281518
116.304253
116.380483
116.250966
116.180471
116.176637
116.036672
115.917217
115.927360
115.963694
115.890830
115.911222
116.002683
115.839163
116.107038
116.318261
116.318131
116.290465
116.266523
116.182023
116.243059
116.172895
116.064627
115.947243
115.829776
115.753696
115.860198
115.867062
115.723893
115.625888
115.710471
115.792343
115.943974
115.793753
115.792498
115.731073
115.754130
115.778537
115.814372
115.886526
115.834642
115.788331
115.735624
115.758755
115.867083
115.716432
115.700620
115.817432
115.833656
115.750095
115.719136
115.621761
115.565720
115.360428
115.449038
115.409830
115.622595
115.682921
115.662140
115.600272
115.467808
115.270375
115.220244
115.221833
115.205598
115.230097
115.162444
115.062931
114.889230
115.044036
115.034258
114.838090
114.899109
115.005740
114.942596
114.819394
114.697951
114.590087
114.512274
114.434223
114.298611
114.491073
114.439242
114.377211
114.452752
114.309525
114.281686
114.040553
114.216034
114.176753
114.104436
114.053906
114.159415
114.167562
114.125020
114.047877
113.925076
113.856085
113.563449
113.720584
113.780613
113.698667
113.701757
113.603494
113.759250
113.764647
113.630135
113.792105
113.537637
113.620279
113.620443
113.596100
113.679870
113.513125
113.618934
113.608071
113.535072
113.470750
113.373848
113.411230
113.467076
113.550595
113.529954
113.581141
113.594224
113.422456
113.487611
113.598889
113.491975
113.318377
113.394163
113.409878
113.351731
113.445853
113.313163
113.225062
113.128980
112.889687
112.809463
112.902925
112.875309
112.918134
112.789960
112.806163
112.698249
112.600043
112.721979
112.541261
112.616219
112.579115
112.602925
112.607916
112.491844
112.427359
112.423912
112.312466
112.431900
112.416027
112.254073
112.143582
112.032503
112.273194
112.352712
112.161923
112.239447
112.305358
112.460644
112.320547
112.433407
112.194044
112.117349
112.179452
111.959170
111.828511
111.906887
111.868168
111.944629
112.064394
112.106006
112.208027
112.105673
112.160590
112.023862
111.989211
112.029901
112.027034
111.906595
111.847809
111.736747
111.748217
111.684091
111.742454
111.652297
111.589281
111.590426
111.699307
111.720563
111.784604
111.788560
111.838064
111.731565
111.615587
111.733074
111.620248
111.612493
111.545400
111.633289
111.520524
111.450392
111.391772
111.368318
111.492073
111.322117
111.316369
111.427797
111.344778
111.313948
111.540709
111.517957
111.545761
111.439358
111.435251
111.533666
111.563453
111.523838
111.563355
111.526549
111.388857
111.208360
111.298717
111.155767
111.262807
111.482913
111.510796
111.559597
111.490015
111.531497
111.596012
111.532725
111.452663
111.423027
111.404540
111.377390
111.333200
111.307319
111.176739
111.145604
110.974227
110.951009
110.828168
110.708409
110.652383
110.654655
110.779778
110.796761
110.771373
110.741831
110.642786
110.555871
110.573959
110.483581
110.539157
110.493764
110.473147
110.412906
110.436966
110.418333
110.447452
110.378549
110.330590
110.354287
110.471071
110.340869
110.234825
110.393764
110.388174
110.247041
110.084513
109.756698
109.919850
109.736104
109.647454
109.689693
109.531178
109.641615
109.887795
110.128973
110.028128
109.928651
109.755772
109.843219
109.816211
109.892585
109.908690
109.882738
109.721763
109.485652
109.575577
109.398327
109.205817
109.199849
109.265090
109.227555
109.258468
109.246384
109.180150
109.101880
109.029936
108.916087
109.002678
108.833723
108.759898
108.627868
108.617974
108.636049
108.577179
108.518165
108.257112
108.369881
108.135611
107.954445
107.959273
108.034100
108.095218
107.917210
107.854696
107.953032
107.914140
107.890662
107.794627
107.685261
107.598727
107.670675
107.598738
107.728153
107.632997
107.610798
107.482142
107.461547
107.337792
107.299140
107.293480
107.285225
107.287031
107.377865
107.511648
107.411698
107.417402
107.554863
107.525807
107.482313
107.584557
107.569757
107.515000
107.463752
107.430384
107.370578
107.276563
107.467199
107.208203
107.005954
106.670102
106.533770
106.349180
106.285693
106.406336
106.353967
106.180941
106.153437
106.116331
105.955085
106.034293
105.956051
105.810712
105.686729
105.627239
105.555832
105.546594
105.547464
105.539569
105.370992
105.265572
105.364827
105.352000
105.430128
105.352344
105.128365
105.103506
105.123959
105.040104
104.974231
104.816153
104.605716
104.637516
104.519717
104.497461
104.489251
104.594839
104.629793
104.381751
104.324581
104.197852
104.181051
104.279579
104.171505
103.982151
103.878329
103.761817
103.723833
103.823112
103.849056
103.799768
103.872614
103.838396
103.795375
103.808359
103.642029
103.537753
103.363215
103.287736
103.129877
103.224653
103.273722
103.288063
103.322195
103.258615
103.336583
103.339749
103.367265
103.336252
103.399365
103.206566
103.368159
103.280569
103.213843
103.228973
103.169994
103.319221
103.385669
103.052011
103.042618
103.038938
103.084282
103.142752
103.194340
103.178029
103.179662
103.235891
103.450477
103.060831
103.002049
102.956658
103.011893
102.896569
102.951655
102.866384
102.808175
102.949417
102.917991
102.742081
102.786825
102.869658
102.816645
102.784425
102.778235
102.565096
102.661450
102.744391
102.896524
102.907387
102.879571
102.799969
102.791528
103.118426
103.067328
102.868080
102.867329
102.968680
102.925774
102.863591
102.836070
102.605800
102.680565
102.595542
102.438719
102.377404
102.256527
102.494403
102.400645
102.362783
102.438632
102.330461
102.338809
102.267608
102.249022
102.321978
102.404871
102.597959
102.575294
102.717769
102.642222
102.722121
102.577252
102.512595
102.421523
102.447622
102.535056
102.518094
102.438216
102.239352
102.420949
102.430004
102.418135
102.427681
102.409931
102.429859
102.538623
102.447610
102.467149
102.480378
102.743210
102.547359
102.513193
102.575374
102.429727
102.477123
102.701758
102.702325
102.651252
102.721538
102.594192
102.686531
102.748331
102.916292
102.883245
102.912844
102.896613
102.762158
102.844188
102.855661
102.866525
102.881712
103.046110
102.988941
103.029035
103.186835
103.103136
103.196599
103.265339
103.289792
103.354555
103.491853
103.696757
103.632039
103.615341
103.508514
103.449910
103.442945
103.387558
103.415381
103.355592
103.416108
103.498296
103.318584
103.239648
103.173584
103.143130
103.157405
103.153699
103.073350
103.050313
103.068426
103.133413
103.055420
102.880865
102.793743
102.684440
102.786727
102.701865
102.629994
102.676841
102.775605
102.835499
102.715536
102.708327
102.644384
102.693499
102.709475
102.930080
102.895729
103.084789
103.279627
103.318560
103.371914
103.494096
103.477325
103.372562
103.420839
103.238792
103.486341
103.672408
103.531456
103.632261
103.567372
103.563417
103.583524
103.537097
103.441395
103.376291
103.352383
103.302540
103.126703
103.091895
103.190728
103.099881
103.143793
103.267716
103.329570
103.362475
103.330740
103.261337
103.266387
103.275413
103.233983
103.102848
103.156569
103.251894
103.217860
103.211830
103.176233
103.274267
103.044260
103.172766
103.223337
103.155556
103.201271
103.192675
103.200609
102.980340
103.003476
102.846681
102.825841
103.018555
102.952763
103.102204
103.298112
103.290970
103.249604
103.146060
103.111295
103.372784
103.437420
103.299733
103.055038
103.014567
103.042452
103.047098
102.902244
102.977209
102.905387
102.884889
102.996148
102.971469
103.046394
102.923165
103.083968
102.983144
103.119853
103.178887
103.348081
103.469135
103.501258
103.285900
103.315303
103.210021
103.270455
103.352487
103.319730
103.331047
103.566253
103.649107
103.621497
103.529031
103.572576
103.690517
103.691189
103.665569
103.695830
103.748139
103.644080
103.483808
103.580251
103.477752
103.692468
103.754663
103.819043
103.826811
104.073503
104.073851
104.242602
104.107243
104.291274
104.322017
104.474173
104.472786
104.365345
104.485134
104.559148
104.621211
104.599189
104.636062
104.631670
104.956511
105.007797
104.972413
105.011303
104.862090
104.889894
105.044556
104.974790
104.994790
105.207687
105.204835
105.016182
105.110785
105.179730
105.120781
105.078980
105.103538
105.210366
105.100002
105.102538
105.212616
105.226564
105.198535
105.130781
105.285872
105.261868
105.389065
105.326899
105.457511
105.348212
105.422466
105.501413
105.300252
105.316460
105.210208
105.166592
105.300903
105.229190
105.287578
105.336955
105.257612
105.313650
105.336158
105.353059
105.393445
105.375774
105.433480
105.481076
105.518450
105.617018
105.517719
105.578536
105.548187
105.506845
105.585766
105.539421
105.688340
105.625167
105.626357
105.677804
105.650613
105.607974
105.802855
105.643563
105.633735
105.659077
105.503444
105.535910
105.496337
105.544828
105.575250
105.581481
105.687687
105.511363
105.557885
105.530153
105.585441
105.367782
105.463511
105.634536
105.666068
105.656767
105.623804
105.528016
105.412416
105.464215
105.357533
105.345569
105.247813
105.205497
105.278209
105.332451
105.242934
105.218260
105.200884
105.375526
105.201844
105.368837
105.259116
105.146195
105.010639
104.909479
104.872245
104.874057
104.935335
104.835023
104.883449
105.025598
105.013534
104.917553
104.900318
104.936450
104.963630
104.871988
104.845423
104.731838
104.829491
104.877585
104.905176
104.973567
104.937375
104.991180
104.954006
104.891512
104.977995
105.012522
105.078853
105.051677
105.046723
105.029932
104.969510
105.128758
105.295218
105.286996
105.290495
105.412749
105.351371
105.435832
105.494697
105.486207
105.471843
105.509235
105.551436
105.306078
105.291560
105.127396
105.113111
105.137804
105.041681
105.054730
105.020092
105.059699
105.067903
105.125987
105.131038
105.142722
105.229853
105.261243
105.311589
105.289628
105.424163
105.411474
105.461250
105.460573
105.292199
105.279233
105.136284
105.132499
105.179026
105.230336
105.145985
105.301034
105.399937
105.246261
105.459288
105.434827
105.336223
105.331765
105.325484
105.471232
105.682569
105.679234
105.758156
105.651351
105.783128
105.667129
105.686910
105.661359
105.744257
105.656153
105.742666
105.906968
106.103262
106.221503
106.234632
106.408541
106.413564
106.209084
106.290543
106.364404
106.434872
106.504481
106.640090
106.680067
106.543591
106.539593
106.494854
106.511848
106.553717
106.527402
106.517490
106.480296
106.560979
106.675574
106.661696
106.708144
106.863668
106.826451
106.910381
107.022174
106.914605
106.958702
106.866009
106.946352
107.072921
107.214374
107.126870
107.132055
107.124766
107.122294
106.965951
106.972001
106.894626
106.971206
106.885482
107.052812
106.819070
107.000035
106.965044
106.866741
106.984078
107.019044
106.885047
107.016567
106.965573
107.098163
107.020353
107.060784
107.166283
107.026931
106.988031
106.820853
106.825225
106.842416
106.970284
107.032779
106.956127
107.040293
107.044850
107.019680
107.062062
107.198086
107.118804
107.078337
107.101976
107.019645
107.296643
107.103996
107.166506
107.073830
107.050448
107.228556
107.377063
107.277190
107.213308
107.170243
107.123761
107.237603
107.152865
107.172927
107.213534
107.213711
107.145527
106.988223
107.183329
107.106153
107.117247
107.156404
107.207717
107.303343
107.383407
107.402846
107.593650
107.698962
107.683408
107.650806
107.599300
107.548190
107.551241
107.398449
107.310828
107.326552
107.461425
107.397470
107.442787
107.576111
107.573354
107.473882
107.607623
107.605239
107.632674
107.688696
107.715940
107.610466
107.389750
107.451681
107.408820
107.548169
107.543619
107.653216
107.617914
107.713775
107.561903
107.501571
107.419628
107.211108
107.170318
107.169439
107.041810
106.966765
106.884832
106.986932
106.975160
106.955067
106.973741
107.039810
106.988413
107.062480
106.905911
106.970206
106.854158
106.818539
106.819722
106.879361
106.760287
106.936164
106.949796
106.981618
107.013722
107.103603
107.008834
106.813345
106.904059
106.879484
107.036711
107.049711
107.133839
106.959358
106.863230
107.007816
106.927223
106.887936
106.870198
106.807652
106.885694
106.963360
107.067488
107.104993
107.094712
107.147992
107.289704
107.217713
107.255344
107.067487
106.852267
106.876931
106.888081
106.946595
106.805394
106.656154
106.641214
106.595653
106.619317
106.578735
106.489196
106.615346
106.624530
106.602013
106.625153
106.814514
106.807961
106.773866
106.541863
106.645874
106.672463
106.861738
106.847349
106.955583
107.058216
106.975410
106.865125
106.891736
106.981561
106.839126
106.930675
106.859921
106.741056
106.783704
106.871229
107.020732
107.096374
107.042881
107.086164
107.149027
107.113038
106.974864
106.927200
106.904949
106.970729
107.027777
106.939284
107.165586
107.138275
107.099059
107.146543
106.991651
106.890338
107.043531
106.895411
107.015770
107.060374
106.858874
106.951749
107.081886
107.098238
107.006543
107.069069
106.854545
106.880062
106.971893
106.699342
106.564751
106.586117
106.545401
106.507700
106.616981
106.726258
106.768426
106.792056
106.675659
106.699781
106.621488
106.831997
106.812151
106.814608
106.814855
106.763114
106.602126
106.638075
106.625957
106.685419
106.726159
106.847959
106.877380
106.931060
107.004713
107.146313
107.152369
107.129403
107.081976
107.083651
107.003810
107.035441
106.946024
107.020291
106.930848
106.974021
106.949040
107.061203
106.995837
106.821145
106.831415
106.892264
107.157375
107.146143
107.169583
107.301605
107.287181
107.356509
107.421379
107.586989
107.463308
107.368353
107.250295
107.305850
107.341756
107.410193
107.386070
107.404954
107.338492
107.347011
107.307684
107.187253
107.322685
107.465671
107.514604
107.613493
107.539069
107.398864
107.462124
107.456991
107.394291
107.352488
107.251726
107.213097
107.298639
107.293664
107.158860
107.184964
107.206426
107.306039
107.382733
106.995089
106.857492
106.831949
106.878203
106.968322
106.929343
106.826228
106.679654
106.707340
106.560907
106.652638
106.680466
106.630227
106.635163
106.634106
106.736767
106.977113
107.068137
107.091327
106.892546
106.844452
106.890498
106.885816
106.906098
106.806017
106.845498
106.775203
106.767487
106.607047
106.667061
106.572290
106.533050
106.755543
106.865015
106.773297
106.669551
106.623108
106.587033
106.620660
106.544879
106.488682
106.564926
106.514915
106.436658
106.499364
106.569090
106.631828
106.651973
106.692686
106.739328
106.753549
106.728690
106.769094
106.967209
106.863405
106.876855
106.765546
106.829051
106.822989
106.856216
106.987920
106.959029
106.952596
106.914684
107.082132
107.182704
107.078449
107.182934
107.252767
107.367449
107.399197
107.338294
107.415410
107.558979
107.551702
107.460266
107.300124
107.317587
107.246427
107.327296
107.269333
107.346768
107.363781
107.406133
107.291841
107.245190
107.459302
107.453730
107.231370
107.222892
107.322303
107.246177
107.283486
107.335269
107.411895
107.316814
107.396864
107.566746
107.529550
107.547346
107.466817
107.562774
107.726340
107.905260
107.814583
107.778835
107.839757
107.729031
107.700064
107.608373
107.757367
107.829408
107.953155
107.758946
